PIECE NUM :423, DURATION :1003.700469s.
POSITION COEFFICIENT [X, Y, Z]
ROWS :3384, COLS :3.
0.095735 18.388120 -11.000000
0.000000 0.000000 0.000000
0.000000 0.000000 0.000000
0.000000 0.000000 0.000000
-0.012570 0.005984 -0.005417
0.003298 -0.001866 0.001797
-0.000281 0.000179 -0.000179
0.000008 -0.000006 0.000006
0.191469 16.776239 -9.000000
1.308724 -0.862103 0.858318
0.197588 0.016096 -0.052638
-0.045364 0.046322 -0.049516
-0.006507 0.002202 -0.001383
0.000973 -0.001093 0.001247
0.000190 -0.000149 0.000158
-0.000026 0.000026 -0.000029
4.143684 15.409048 -7.910297
1.211150 0.074900 -0.239878
-0.193148 0.230273 -0.226311
-0.018400 -0.021112 0.036732
0.009110 -0.010908 0.012927
-0.000058 0.000519 -0.000635
-0.000316 0.000346 -0.000388
0.000032 -0.000037 0.000037
6.028769 16.462017 -9.000000
0.284348 0.334512 -0.046965
-0.110264 -0.151696 0.313512
0.011325 -0.034602 0.046829
-0.004060 0.008162 -0.012414
-0.000267 0.000412 -0.001242
0.000290 -0.000360 0.000313
-0.000031 0.000038 -0.000011
6.033878 15.954571 -6.609369
-0.295207 -0.704378 1.608044
-0.112201 -0.165753 0.116340
0.003788 0.012381 -0.075240
0.002297 0.000493 -0.002260
-0.000434 0.000425 0.002165
-0.000310 0.000361 0.000104
0.000075 -0.000076 -0.000043
5.313441 14.495117 -4.076924
-0.607615 -1.100448 1.448003
-0.090417 -0.065583 -0.187138
-0.000545 0.037895 -0.036951
-0.002386 0.006926 0.012799
0.000548 -0.000101 0.000922
0.000518 -0.000473 -0.000367
-0.000091 0.000051 0.000014
4.029788 12.684445 -2.239747
-0.912427 -0.901890 0.758006
-0.071134 0.195942 -0.152586
0.022700 0.050862 0.044257
0.009039 -0.005530 0.007337
0.000364 -0.001856 -0.001938
-0.000555 0.000125 -0.000199
0.000057 0.000017 0.000046
2.170034 11.953516 -0.863932
-0.647122 0.244322 0.762378
0.230146 0.250359 0.121813
0.050855 -0.042364 0.015313
-0.005329 -0.011351 -0.011261
-0.001374 0.001258 -0.000215
0.000278 0.000372 0.000474
-0.000018 -0.000049 -0.000046
2.467128 13.195026 1.632394
0.965717 0.384374 1.114063
0.324879 -0.175705 -0.033392
-0.025641 -0.029327 -0.026304
-0.006525 0.012515 0.005139
0.000402 0.000539 0.000911
-0.000038 -0.000469 -0.000322
0.000008 0.000041 0.000025
6.171031 13.075691 3.969458
1.778214 -0.356965 0.812092
-0.041379 -0.041628 -0.035759
-0.066319 0.039037 0.015849
-0.000919 -0.002119 0.000364
0.000855 -0.001266 -0.000650
0.000100 0.000222 0.000108
-0.000014 -0.000012 -0.000007
9.518448 12.341169 6.444355
0.064723 -0.030908 0.925201
-0.406131 0.063615 0.048738
0.014296 -0.013556 0.001396
0.012370 -0.002179 -0.001038
0.000053 0.000528 0.000046
-0.000189 -0.000022 -0.000031
0.000006 -0.000000 0.000003
8.061439 12.411038 8.768861
-1.035601 0.009589 1.116975
0.007929 -0.042753 0.023845
0.090233 -0.011498 -0.009711
0.000754 0.002053 -0.001544
-0.001916 0.000219 -0.000018
-0.000102 -0.000024 0.000021
0.000030 -0.000001 0.000001
6.697120 12.158911 11.204625
0.109853 -0.240862 1.020003
0.417536 -0.045445 -0.078811
0.006611 0.011039 -0.019044
-0.016699 0.002246 0.000079
-0.000252 -0.000229 0.000339
0.000354 -0.000044 0.000033
-0.000022 0.000004 -0.000005
11.124537 11.491931 13.213377
0.064555 0.154195 -0.012368
-0.417101 0.041244 0.047595
0.008175 -0.019167 0.047210
0.015545 -0.002424 0.001596
-0.000581 0.000511 -0.000962
-0.000377 0.000095 -0.000123
0.000035 -0.000013 0.000022
8.640724 11.770244 14.806195
-1.135182 -0.108721 1.293155
0.068210 -0.074675 0.257365
0.036750 0.012496 -0.026258
-0.010807 0.005369 -0.008372
-0.000556 -0.000366 0.001095
0.000379 -0.000191 0.000347
-0.000011 0.000021 -0.000071
7.185258 11.509628 17.151319
-0.831782 -0.193970 1.808103
0.097479 0.028050 0.081829
-0.016507 0.027402 -0.041391
-0.003818 -0.001215 0.003018
0.002289 -0.001112 0.000926
0.000266 0.000022 -0.000386
-0.000095 0.000020 0.000046
6.165776 11.357954 19.741919
-0.650373 0.012563 1.834826
0.050598 0.101834 -0.048081
0.008715 0.002701 -0.021330
0.010867 -0.006442 0.002584
0.000604 -0.000108 -0.000419
-0.000667 0.000218 0.000065
0.000058 -0.000018 -0.000005
5.652408 11.977337 24.514894
0.715607 0.164399 1.108896
0.361515 -0.083060 -0.164648
-0.010054 -0.015055 -0.008095
-0.015605 0.004740 -0.000159
-0.000061 0.000332 -0.000302
0.000596 -0.000170 -0.000053
-0.000061 0.000014 0.000022
7.972387 11.960219 25.939535
1.610673 -0.175016 0.397784
0.060282 -0.072078 -0.230908
-0.077109 0.015581 -0.017322
0.000865 0.002244 -0.000850
0.002193 -0.000535 0.000672
-0.000188 0.000014 0.000229
0.000003 -0.000004 -0.000039
10.678744 11.512426 25.807240
1.185813 -0.257559 -0.577879
-0.240855 0.025501 -0.280717
-0.020111 0.014217 0.011196
0.012013 -0.002851 0.008397
0.000323 -0.000688 0.000466
-0.000156 -0.000042 -0.000267
-0.000003 0.000023 0.000014
12.193621 11.116844 23.465508
0.331214 -0.136462 -1.309145
-0.044558 -0.028270 0.011805
0.065845 -0.034458 0.062436
0.002949 -0.004731 -0.000688
-0.002060 0.001143 -0.001609
-0.000202 0.000317 -0.000045
0.000052 -0.000052 0.000029
13.442194 10.217709 21.165359
0.994124 -0.808333 -0.517815
0.238255 -0.214959 0.245966
-0.013729 0.007804 -0.010816
-0.014897 0.011387 -0.010472
0.000817 -0.000221 0.000953
0.000622 -0.000516 0.000419
-0.000078 0.000059 -0.000059
16.444708 7.635586 20.945001
1.428595 -1.291718 0.160085
-0.068886 0.031205 0.052607
-0.035080 0.034771 -0.014937
0.010339 -0.006669 0.008333
0.000922 -0.000910 0.000301
-0.000606 0.000413 -0.000515
0.000056 -0.000036 0.000052
19.220716 5.053526 21.605295
1.010969 -0.925024 0.468260
-0.048968 0.074020 0.104664
0.016272 -0.009011 0.003112
-0.003260 0.000512 -0.006952
-0.001197 0.000834 -0.001021
0.000300 -0.000161 0.000324
-0.000017 0.000008 -0.000018
22.533110 2.314879 23.428291
0.252419 -0.223345 -0.445878
-0.148752 0.111771 -0.347909
0.010119 -0.002192 -0.006393
0.005661 -0.002710 0.009702
-0.000353 0.000024 0.000022
-0.000236 0.000100 -0.000245
0.000028 -0.000010 0.000020
22.540705 2.332525 20.403049
-0.106763 0.169387 -1.800237
0.003540 0.035287 -0.134119
0.009967 -0.010844 0.042418
-0.005391 0.001263 -0.002153
-0.000208 0.000167 -0.001080
0.000255 -0.000081 0.000098
-0.000022 0.000007 0.000006
22.298832 2.817065 15.924437
-0.149418 0.220837 -1.955342
-0.047086 -0.003149 0.008187
-0.009817 -0.002788 -0.004785
0.003187 -0.000078 -0.004029
0.000864 -0.000120 0.000996
-0.000101 0.000039 0.000201
-0.000007 0.000000 -0.000037
21.728838 3.262480 11.481047
-0.295427 0.159045 -2.010725
0.035065 -0.022806 -0.000016
0.033695 -0.000542 0.022355
0.002620 0.001586 0.007840
-0.001195 0.000418 -0.000187
-0.000204 0.000040 -0.000377
0.000038 -0.000017 0.000037
21.707224 3.618369 6.981060
0.396901 0.216517 -1.277575
0.154571 0.090463 0.289329
-0.028279 0.031502 0.020525
-0.010671 0.001315 -0.009801
0.000789 -0.001206 -0.000945
0.000465 -0.000254 0.000277
-0.000068 0.000059 -0.000011
22.540699 4.285397 5.709689
0.553995 0.702141 -0.390749
-0.074351 0.200100 0.229723
-0.054501 0.003542 -0.044716
0.003388 -0.009515 -0.008602
0.001684 -0.000587 0.001063
-0.000273 0.000387 0.000154
0.000012 -0.000027 -0.000017
21.978870 8.402218 4.441312
-0.898138 0.950388 -0.975765
-0.128560 -0.150984 -0.251854
0.031375 -0.002574 0.018285
0.000315 0.010613 0.011674
-0.000778 0.000022 -0.000630
0.000055 -0.000333 -0.000304
0.000009 0.000022 0.000033
20.100747 9.721042 2.051751
-1.080746 0.598090 -1.492067
0.014560 0.001346 0.005154
0.017798 0.043744 0.058245
-0.002250 -0.001062 -0.002284
0.000411 -0.002084 -0.001689
0.000163 -0.000054 0.000110
-0.000032 0.000047 0.000009
18.261473 11.041420 -0.367679
-0.867454 0.906848 -1.019890
0.106481 0.103111 0.197914
0.022686 -0.022381 0.001652
0.002884 -0.012746 -0.010286
-0.000044 0.000649 0.000159
-0.000246 0.000550 0.000225
0.000024 -0.000060 -0.000018
17.201344 13.333450 -2.063352
0.233009 0.489240 -0.525901
0.285277 -0.248341 -0.072123
0.001476 -0.012085 -0.043370
-0.007651 0.014635 0.003856
-0.000379 0.000617 0.001133
0.000203 -0.000554 -0.000102
-0.000013 0.000043 -0.000002
19.152787 13.362144 -4.121959
1.219419 -0.208730 -1.267345
0.060843 0.048970 -0.150674
-0.052828 0.061035 0.027385
-0.001086 -0.004862 0.007504
0.000957 -0.002185 -0.000620
-0.000016 0.000162 -0.000143
-0.000007 0.000017 0.000018
21.177118 13.391968 -6.571692
0.972485 0.329166 -1.424815
-0.187884 0.192566 0.080955
-0.035480 -0.015935 0.051513
0.005231 -0.013360 -0.001061
0.000358 0.000586 -0.000982
-0.000099 0.000372 0.000074
0.000005 -0.000035 -0.000001
21.893642 14.937862 -9.000000
-0.522272 0.210451 0.043026
-0.221591 -0.241166 0.305255
0.020792 -0.021775 -0.013428
0.002122 0.012559 -0.007022
-0.000446 0.000655 0.000108
0.000010 -0.000364 0.000047
0.000002 0.000023 0.000003
19.485386 14.048399 -7.377831
-1.191436 -0.663222 0.930142
-0.040914 0.016441 -0.020934
0.020037 0.062328 -0.058039
-0.001237 -0.001350 0.000782
0.000035 -0.001744 0.001242
0.000053 0.000053 0.000100
-0.000009 0.000014 -0.000025
16.737173 13.231853 -5.946356
-1.104444 0.130178 0.133912
0.073216 0.232340 -0.237054
0.014952 -0.016076 0.014990
-0.000298 -0.011246 0.012320
-0.000190 0.000544 -0.000175
-0.000085 0.000277 -0.000305
0.000011 -0.000026 0.000024
14.254946 14.739450 -6.448699
-0.388923 0.260137 0.221821
0.072744 -0.187173 0.304094
-0.025028 -0.014250 0.037082
-0.003447 0.010257 -0.010788
0.000652 0.000083 -0.000837
0.000170 -0.000324 0.000238
-0.000021 0.000027 -0.000011
12.851518 14.000430 -2.451325
-0.626065 -0.435688 1.855493
-0.039493 0.015461 0.004920
0.034045 0.009152 -0.069835
0.008464 -0.007580 0.000696
-0.000804 -0.000242 0.001430
-0.000318 0.000291 -0.000008
0.000036 -0.000025 -0.000013
11.834607 12.649987 1.568334
0.291313 -0.678294 0.642419
0.306625 -0.142496 -0.286572
0.000469 -0.018465 0.020507
-0.012299 0.004592 0.009055
0.000029 0.000513 -0.001049
0.000415 -0.000203 -0.000279
-0.000041 0.000015 0.000040
14.263838 9.754569 1.890778
1.244258 -1.476257 -0.149479
-0.006827 -0.110358 -0.032965
-0.044078 0.016174 0.008908
0.005174 -0.000349 -0.007932
0.000619 -0.000536 0.000457
-0.000340 0.000071 0.000469
0.000042 0.000006 -0.000063
16.442531 6.505501 1.447049
0.862038 -1.759474 -0.327413
-0.150796 -0.043552 -0.063104
-0.009262 0.006903 0.003115
0.002599 0.000280 0.007139
0.000006 0.000840 0.000862
0.000237 0.000160 -0.000401
-0.000049 -0.000053 0.000029
17.457125 3.411638 0.781288
0.328284 -1.801103 -0.365671
-0.136643 0.043636 0.079247
0.017964 0.033741 0.045649
0.004542 0.005253 0.001892
-0.000552 -0.000764 -0.001497
-0.000346 -0.000472 -0.000058
0.000056 0.000069 0.000020
17.753609 0.236669 0.734852
0.056393 -1.151007 0.464251
-0.008173 0.245235 0.278502
0.007174 0.006206 0.000662
-0.005997 -0.011485 -0.011109
0.000139 -0.000476 -0.000461
0.000458 0.000519 0.000226
-0.000062 -0.000051 -0.000005
17.820517 -1.224975 2.656550
-0.013126 -0.419437 1.236888
-0.028890 0.052947 0.020111
0.004504 -0.049832 -0.074144
0.005705 0.001059 -0.003303
0.000352 0.001457 0.001829
-0.000423 -0.000203 0.000148
0.000041 0.000013 -0.000036
17.850634 -2.550507 4.775158
0.167038 -0.825380 0.148937
0.109623 -0.146912 -0.360879
0.008711 0.004751 0.002668
-0.006879 0.007187 0.014033
-0.000635 0.000082 -0.000531
0.000290 0.000018 -0.000467
-0.000020 -0.000019 0.000054
18.654118 -4.808527 3.688820
0.483711 -1.104429 -0.957555
-0.015282 0.079122 -0.104325
-0.037282 0.059349 0.045984
-0.000594 0.002472 -0.005433
0.001143 -0.001590 -0.001336
-0.000015 -0.000276 0.000342
-0.000010 0.000052 -0.000022
19.288483 -6.255055 1.563041
0.023402 -0.120907 -1.047574
-0.172889 0.336051 0.000731
-0.003127 -0.002395 -0.009027
0.007069 -0.015485 -0.004056
0.000052 -0.000384 0.000971
-0.000162 0.000472 0.000033
0.000011 -0.000034 -0.000009
17.990729 -4.546381 -2.541800
-0.422283 0.266071 -1.348923
0.092776 -0.300256 0.000092
0.022393 -0.040892 0.035260
-0.004967 0.013535 0.006045
-0.000490 0.000855 -0.000543
0.000110 -0.000353 -0.000178
-0.000005 0.000020 0.000016
17.822830 -7.783024 -5.092652
0.016336 -1.095516 0.630062
-0.117567 0.150818 0.309983
-0.036086 0.040080 -0.041570
0.001412 -0.008706 -0.010808
0.000559 -0.000624 0.000808
-0.000025 0.000233 0.000288
-0.000001 -0.000014 -0.000029
14.789829 -9.331384 -1.563787
-1.703000 0.046628 0.396664
-0.190751 0.009742 -0.234911
0.032201 -0.025570 0.017807
0.004663 0.003827 0.011132
-0.000322 0.000522 -0.001507
-0.000051 -0.000133 -0.000489
-0.000000 0.000007 0.000077
10.711611 -9.343075 -1.477573
-1.946296 -0.087510 -0.163386
0.093007 -0.033718 -0.043756
0.047481 0.010187 0.006115
-0.002214 0.002875 -0.012024
-0.000980 -0.000467 -0.000446
-0.000052 -0.000022 0.000656
0.000022 0.000003 -0.000060
6.932265 -9.548918 -2.505857
-0.885203 0.024762 -0.857115
0.224130 0.072435 -0.261456
-0.023302 0.006438 -0.016914
-0.006718 -0.003372 0.011269
0.001308 -0.000357 0.001306
0.000350 0.000037 -0.000428
-0.000060 0.000007 0.000023
5.753587 -9.164638 -5.563273
-0.308545 0.268001 -1.734736
0.072641 -0.001773 -0.030312
0.006533 -0.027434 0.073359
0.010688 -0.002172 0.003088
-0.000205 0.000797 -0.001998
-0.000578 0.000138 -0.000071
0.000067 -0.000025 0.000028
5.710616 -8.883048 -8.826489
0.441897 -0.130278 -0.867488
0.276696 -0.139565 0.337869
0.020106 0.002403 0.008642
-0.009021 0.007254 -0.013613
-0.000919 -0.000018 0.000033
0.000473 -0.000258 0.000371
-0.000039 0.000022 -0.000031
9.579894 -10.064740 -9.011267
1.808233 -0.372809 0.311822
0.087244 0.072537 -0.032245
-0.025255 0.008417 -0.036392
0.003870 -0.007052 0.007882
-0.000097 -0.000312 0.000610
-0.000385 0.000226 -0.000309
0.000054 -0.000014 0.000026
13.870417 -10.615019 -8.683015
1.896088 -0.215102 -0.032868
-0.060304 -0.051298 -0.056546
-0.035051 -0.032220 0.018000
-0.005075 0.000893 0.001451
0.000418 0.001207 -0.000842
0.000461 -0.000002 0.000094
-0.000053 -0.000014 -0.000004
17.773819 -11.998689 -8.840671
0.767851 -0.844731 0.017333
-0.276745 -0.078563 0.051307
0.023111 0.039113 0.002740
0.014307 0.007515 -0.002064
-0.000265 -0.000926 0.000141
-0.000545 -0.000261 0.000027
0.000054 0.000034 -0.000003
18.661469 -13.737978 -8.551965
0.353018 -0.438345 0.220936
0.140416 0.249117 0.030164
0.062804 0.030582 -0.005017
-0.008466 -0.009255 0.000471
-0.001844 -0.000845 0.000209
0.000312 0.000273 -0.000017
-0.000011 -0.000016 -0.000001
22.217322 -12.527707 -7.568379
1.654972 0.874984 0.399608
0.015343 0.004602 0.049619
-0.070470 -0.051719 0.008623
-0.001714 0.001832 0.000222
0.001849 0.001021 -0.000296
0.000063 -0.000084 -0.000034
-0.000023 -0.000000 0.000007
25.590532 -10.937689 -5.987338
0.539751 0.107012 0.784787
-0.284305 -0.201119 0.063348
0.028659 0.008922 -0.011767
0.014358 0.006131 -0.002925
-0.000652 -0.000407 0.000173
-0.000371 -0.000092 0.000092
0.000033 0.000009 -0.000010
26.374561 -11.942561 -3.369663
0.667107 -0.430632 0.639074
0.310371 0.047726 -0.098180
0.020619 0.017163 -0.006862
-0.015509 -0.004426 0.002652
-0.000619 -0.000247 -0.000208
0.000374 0.000108 -0.000131
-0.000021 -0.000006 0.000018
29.377672 -12.597769 -2.455016
1.703123 -0.153379 0.146087
0.013156 0.032448 -0.117684
-0.084565 -0.016481 -0.007977
-0.001964 -0.001365 -0.002580
0.002188 0.000545 -0.000044
0.000033 0.000007 0.000155
-0.000025 -0.000005 -0.000012
32.447535 -12.996308 -2.925528
0.580683 -0.264918 -0.627625
-0.386643 -0.063055 -0.212876
-0.000302 -0.003067 -0.007677
0.015147 0.003218 0.004107
-0.000237 0.000034 0.000704
-0.000377 -0.000079 -0.000049
0.000035 0.000007 -0.000006
31.887887 -14.052747 -5.943350
-0.616702 -0.461597 -1.491643
0.020968 0.014275 -0.024686
0.063945 0.015765 0.056051
-0.004845 -0.000207 0.004207
-0.001080 -0.000217 -0.000997
0.000270 0.000048 -0.000166
-0.000020 -0.000006 0.000022
31.298376 -14.912840 -9.000000
0.395537 -0.092724 -0.428187
0.270132 0.110222 0.351882
0.002745 0.005748 0.005953
-0.003530 -0.001909 -0.011980
0.000279 -0.000328 -0.000295
-0.000101 -0.000061 0.000253
0.000013 0.000014 -0.000013
34.199970 -14.408005 -8.075946
1.655476 0.375581 0.763250
0.152129 0.002834 -0.017681
-0.030723 -0.036913 -0.069815
-0.001940 -0.003499 0.002586
0.000614 0.000796 0.001797
0.000143 0.000201 0.000006
-0.000030 -0.000027 -0.000032
37.450552 -13.954741 -7.110567
1.900703 0.011078 0.178666
-0.003990 -0.196007 -0.250926
-0.019547 -0.023595 -0.004865
0.004364 0.007709 0.012625
0.000133 0.001113 -0.000244
-0.000233 -0.000141 -0.000388
0.000024 -0.000005 0.000040
41.815320 -15.056590 -7.842134
1.729751 -0.800644 -0.583983
-0.050649 -0.028159 -0.011676
-0.006080 0.068738 0.041565
-0.002397 0.006337 -0.004452
-0.000298 -0.001559 -0.001029
0.000173 -0.000232 0.000279
-0.000012 0.000036 -0.000020
46.001282 -15.949440 -9.000000
1.135783 0.621174 -0.156336
-0.165788 0.420725 0.088229
-0.007186 -0.007520 -0.008755
0.004180 -0.015217 -0.001117
0.000549 0.000458 0.000426
-0.000072 0.000472 -0.000106
-0.000005 -0.000049 0.000010
47.837688 -12.545972 -9.007161
0.497198 1.904249 0.087292
-0.041741 0.056722 0.009323
0.038815 -0.054214 -0.012826
0.002142 0.007128 -0.000417
-0.001090 0.001285 0.000083
-0.000156 -0.000357 0.000058
0.000030 0.000020 -0.000003
48.987915 -8.765756 -8.899314
0.767688 1.748722 -0.029335
0.138282 -0.066106 -0.059685
0.003153 0.008821 -0.005107
-0.009808 0.004042 0.003033
-0.000415 -0.001319 0.000504
0.000267 -0.000072 0.000011
-0.000015 0.000027 -0.000016
50.995206 -5.366322 -9.183379
1.050221 1.610544 -0.195610
-0.065771 -0.021623 0.018989
-0.058259 -0.008784 0.032736
-0.001933 -0.005731 0.004009
0.001500 0.000214 -0.000789
0.000045 0.000322 -0.000222
-0.000019 -0.000036 0.000032
52.371067 -1.764785 -9.000000
-0.200638 1.149337 0.532023
-0.352694 -0.154942 0.227285
0.004530 -0.001995 -0.001835
0.010845 0.007233 -0.009133
-0.000265 0.000282 0.000078
-0.000281 -0.000313 0.000338
0.000026 0.000027 -0.000032
49.786817 0.510364 -6.304363
-1.394020 0.717535 1.224181
-0.036744 0.032923 -0.000523
0.040555 0.023047 -0.021529
-0.005318 -0.004791 0.006651
-0.000758 -0.000680 0.000586
0.000220 0.000194 -0.000275
-0.000013 -0.000010 0.000016
46.779260 2.407607 -3.632825
-1.219477 0.967823 1.191629
0.057885 0.028192 0.035878
-0.007363 -0.019379 0.019526
-0.002456 -0.001804 -0.001296
0.000797 0.000851 -0.001445
0.000011 0.000033 -0.000026
-0.000010 -0.000014 0.000026
44.217114 4.517010 -0.648376
-1.086132 0.825096 1.419806
0.015900 -0.064356 -0.015891
0.004026 0.002840 -0.048106
0.003138 0.004807 -0.009073
-0.000180 -0.000168 0.001003
-0.000155 -0.000183 0.000388
0.000017 0.000020 -0.000046
41.411011 6.679258 1.876058
-0.766592 0.790545 -0.141840
0.074985 0.052141 -0.432785
-0.007807 0.003444 0.007875
-0.004271 -0.003973 0.015353
0.000190 0.000132 -0.000366
0.000197 0.000218 -0.000544
-0.000022 -0.000028 0.000057
39.713027 8.950241 -0.626468
-0.691178 0.974584 -1.493688
-0.043285 0.020697 -0.053945
-0.006182 0.002480 0.045781
0.004797 0.002945 -0.009108
0.000286 -0.000266 -0.000971
-0.000184 -0.000270 0.000464
0.000011 0.000039 -0.000034
38.207256 10.994780 -3.571262
-0.793909 1.123027 -1.455956
0.018738 0.047056 0.014255
0.020136 -0.005205 -0.010403
-0.000274 -0.004865 -0.000644
-0.001027 -0.000248 0.001775
-0.000038 0.000274 0.000000
0.000021 -0.000027 -0.000033
36.829174 13.294589 -6.440297
-0.568318 1.116239 -1.419115
0.056716 -0.072119 0.054317
-0.016983 -0.025757 0.036520
-0.006995 0.001308 0.008032
0.000244 0.000739 -0.000923
0.000252 -0.000108 -0.000454
-0.000022 0.000005 0.000058
35.077358 15.428047 -8.983407
-0.976155 0.372463 -0.149063
-0.205190 -0.148586 0.331894
-0.014740 0.009100 -0.016249
0.009051 0.002730 -0.013761
0.000966 -0.000284 0.000794
-0.000164 -0.000017 0.000663
-0.000005 -0.000000 -0.000086
31.918909 15.667783 -8.060689
-1.647909 -0.077464 0.724735
0.014276 -0.043249 0.044267
0.074306 0.014833 -0.025604
0.005474 -0.002001 0.011187
-0.001769 -0.000570 0.000526
-0.000239 -0.000025 -0.000703
0.000042 0.000018 0.000076
29.156862 15.364558 -6.263968
-0.490302 -0.201363 0.935333
0.439079 -0.055357 0.092791
0.018441 -0.021172 0.010341
-0.015693 -0.003120 -0.005797
-0.000544 0.001006 -0.000899
0.000422 0.000260 0.000490
-0.000025 -0.000053 -0.000045
29.920642 14.506657 -3.931843
1.045529 -0.694732 1.251986
0.195534 -0.148194 0.026761
-0.075867 0.008543 -0.017895
-0.001687 0.007508 0.002566
0.002487 -0.000575 0.001144
0.000063 -0.000513 -0.000163
-0.000052 0.000088 -0.000016
31.651371 13.216777 -2.069010
1.163684 -1.008262 1.266119
-0.085247 -0.054469 0.003759
-0.036349 0.022059 0.008946
0.012894 -0.003547 0.003876
0.000687 -0.001086 -0.001032
-0.000471 0.000398 -0.000329
0.000038 -0.000033 0.000057
33.875501 10.623697 1.151073
0.780308 -1.119706 1.400051
0.025366 -0.025456 -0.011764
0.040976 -0.002528 -0.039181
-0.001255 0.001983 -0.009412
-0.001468 0.000659 0.001157
0.000174 -0.000157 0.000631
-0.000003 0.000006 -0.000087
36.473541 7.732655 3.812059
1.406936 -1.123662 0.465798
0.151822 0.052956 -0.285739
-0.013158 0.017425 0.017785
-0.004959 -0.001304 0.016845
0.000745 -0.000930 -0.000743
0.000121 -0.000055 -0.000884
-0.000030 0.000032 0.000111
39.368913 5.960043 3.968993
1.754896 -0.842858 -0.109737
0.035510 0.071948 -0.002089
-0.021764 -0.016569 0.053182
0.001455 -0.005871 -0.009937
0.000007 0.000624 -0.002738
-0.000259 0.000344 0.000513
0.000050 -0.000054 -0.000005
42.495982 4.552317 3.934538
1.690690 -0.820733 0.080730
-0.072928 -0.061444 0.013678
-0.022707 -0.018606 -0.048223
-0.000842 0.005447 -0.010817
0.000597 0.000723 0.002439
0.000369 -0.000325 0.000456
-0.000072 0.000027 -0.000087
45.326321 2.699217 3.730556
1.209126 -1.100444 -0.498759
-0.144540 -0.048608 -0.285270
0.010619 0.016623 -0.018245
0.007374 0.001075 0.016297
-0.000750 -0.000940 0.000980
-0.000603 0.000036 -0.000709
0.000088 0.000009 0.000059
47.459023 0.241265 1.471928
0.840963 -1.119833 -1.381515
-0.054872 0.015272 -0.020948
-0.015206 -0.003749 0.069956
-0.011775 -0.003302 -0.002152
0.000115 0.000431 -0.002464
0.000736 0.000175 0.000179
-0.000083 -0.000028 0.000011
48.675972 -2.378266 -1.172962
-0.028620 -1.172496 -0.726971
-0.324441 -0.027229 0.181707
-0.018452 0.004078 -0.026957
0.012670 0.003527 -0.011385
0.000936 -0.000321 0.001298
-0.000619 -0.000282 0.000360
0.000059 0.000049 -0.000047
47.422796 -4.715265 -2.216782
-1.145684 -1.179374 -0.528187
-0.172132 0.021091 -0.090032
0.053939 0.002193 -0.036461
0.001657 -0.002992 0.009696
-0.001615 0.000302 0.001750
0.000184 0.000389 -0.000283
-0.000007 -0.000068 -0.000006
45.348557 -6.566755 -3.377379
-1.295496 -1.117088 -0.900647
0.064149 0.021566 -0.071608
0.036358 0.007269 0.046520
-0.005228 0.004617 0.011884
-0.000221 0.000342 -0.001317
0.000104 -0.000380 -0.000350
-0.000008 0.000036 0.000042
42.646248 -9.221066 -5.018481
-0.495582 -0.553161 0.305764
0.139524 0.151616 0.423123
-0.011307 -0.007671 0.007245
-0.001877 -0.007860 -0.015158
0.000227 0.000064 0.000116
-0.000053 0.000348 0.000514
0.000008 -0.000034 -0.000053
42.019861 -10.081150 -1.540171
-0.100866 -0.302519 1.891315
-0.009342 -0.069190 0.085946
-0.020505 -0.013551 -0.043833
0.001138 0.007507 0.005955
0.000639 0.000379 0.000171
0.000103 -0.000310 -0.000508
-0.000026 0.000030 0.000066
41.650630 -10.969379 2.363379
-0.291101 -0.516839 1.840158
-0.045188 0.008447 -0.100432
0.016920 0.029212 -0.033841
0.006454 0.001095 -0.004236
-0.000329 -0.000771 -0.000270
-0.000262 0.000121 0.000435
0.000027 -0.000009 -0.000040
41.119354 -11.706926 5.866202
0.177981 0.219179 0.259188
0.184572 0.221448 -0.385161
0.002237 0.014780 0.007731
-0.008569 -0.002156 0.012560
-0.000159 -0.000183 0.000214
0.000281 -0.000054 -0.000380
-0.000024 0.000011 0.000029
42.409908 -9.746113 4.721820
0.703266 1.391319 -0.869264
-0.021617 0.217411 0.000039
-0.039037 -0.019310 0.068425
0.002352 -0.003724 -0.004098
0.000957 0.000371 -0.001763
-0.000128 0.000129 0.000109
0.000005 -0.000031 0.000017
43.335949 -7.096743 3.576897
0.402115 1.891050 -0.467351
-0.144586 0.090258 0.207241
-0.009184 -0.030170 0.010780
0.005858 -0.000247 -0.011581
0.000026 -0.000037 0.000169
-0.000068 -0.000215 0.000298
0.000002 0.000035 -0.000029
43.582711 -3.277740 3.386426
-0.103749 1.862858 0.173665
-0.075320 -0.122303 0.064495
0.028446 -0.047780 -0.043510
0.002650 -0.003720 -0.000316
-0.000632 0.000280 0.001349
-0.000044 0.000269 -0.000098
0.000008 -0.000026 -0.000002
43.381321 -0.157072 3.570557
0.181276 -0.063456 -0.226217
0.137281 -0.482804 -0.114965
0.003943 -0.001336 0.012773
-0.005603 0.012231 0.005231
-0.000083 0.000456 -0.000695
0.000108 -0.000249 -0.000139
-0.000007 0.000013 0.000019
44.689915 -3.286623 2.507388
0.619314 -1.795883 -0.406650
-0.028447 -0.021334 0.027695
-0.032326 0.090189 -0.000839
0.000628 -0.000087 -0.006038
0.000657 -0.001591 0.000049
-0.000017 -0.000002 0.000230
-0.000004 0.000012 -0.000021
45.621010 -6.786062 1.232378
-0.103231 -0.179815 -0.639535
-0.155296 0.419241 -0.117730
0.010736 -0.016287 -0.006425
0.004254 -0.013560 0.005864
-0.000412 0.000398 0.000379
-0.000106 0.000231 -0.000192
0.000014 -0.000018 0.000013
44.754787 -5.470503 -0.812187
-0.526065 0.955812 -1.004676
-0.020439 -0.011784 0.010894
0.015375 -0.081379 0.033699
-0.003058 0.001855 0.000407
-0.000308 0.001539 -0.000809
0.000121 -0.000069 0.000023
-0.000012 -0.000005 0.000004
43.524765 -4.187124 -2.698181
-0.534192 -0.125818 -0.495442
-0.014923 -0.362589 0.172958
-0.011596 -0.003581 0.003742
-0.002167 0.012095 -0.005422
0.000005 0.000055 -0.000053
-0.000076 -0.000145 0.000086
0.000021 0.000001 -0.000002
41.672996 -6.582195 -2.972641
-1.027556 -1.320991 0.146772
-0.196702 0.023978 0.023066
-0.026525 0.075755 -0.028449
0.003477 -0.001995 0.001799
0.001872 -0.002143 0.001054
0.000311 -0.000131 0.000053
-0.000139 0.000073 -0.000049
39.598084 -8.297134 -2.778241
-1.707521 -0.808188 0.071500
-0.202441 0.268492 -0.048706
0.033803 0.018571 0.001516
0.011438 -0.013823 0.005684
-0.002018 0.000217 -0.000818
-0.001164 0.000649 -0.000464
0.000276 -0.000091 0.000109
37.026143 -8.895187 -2.753502
-2.009947 -0.099432 -0.017289
-0.021800 0.221391 -0.013322
0.033564 -0.030808 0.007123
-0.010199 -0.002436 -0.003132
-0.000841 0.001986 -0.000393
0.001454 -0.000213 0.000568
-0.000278 -0.000017 -0.000094
34.415611 -8.717469 -2.791246
-1.974885 0.322475 -0.039543
0.027848 0.109512 -0.008944
0.002416 -0.020883 -0.000238
-0.000167 0.003778 0.001483
0.000613 -0.000282 0.000687
-0.001082 -0.000367 -0.000292
0.000237 0.000069 0.000040
31.864449 -8.141172 -2.853492
-1.898279 0.526448 -0.045906
0.020536 0.049032 0.011440
-0.012303 -0.015350 0.010390
-0.005307 -0.002087 0.001626
0.000713 -0.000654 -0.000153
0.001107 0.000273 0.000080
-0.000245 -0.000026 -0.000020
29.279910 -7.381811 -2.863449
-1.931824 0.548922 0.057936
-0.037714 -0.041746 0.070146
-0.001579 -0.028189 0.018001
0.008723 -0.001257 0.001022
0.000247 0.000560 -0.000286
-0.001221 0.000024 -0.000112
0.000255 -0.000006 0.000014
26.690176 -6.797288 -2.623064
-1.975677 0.289730 0.339109
0.018586 -0.152747 0.141428
0.019760 -0.024578 0.014744
-0.001004 0.002619 -0.002687
-0.000104 0.000551 -0.000676
0.001132 -0.000027 0.000013
-0.000237 -0.000001 0.000017
24.115223 -6.732946 -1.886610
-1.809764 -0.220869 0.763488
0.118627 -0.211440 0.157531
0.040486 -0.001865 -0.009341
0.008876 0.005562 -0.005417
0.000046 0.000318 0.000080
-0.001095 -0.000031 0.000174
0.000165 -0.000018 -0.000018
21.908146 -7.468750 -0.511163
-1.140482 -0.770100 1.101283
0.355937 -0.145260 0.061140
0.051992 0.032183 -0.031223
-0.007624 0.005016 -0.001335
-0.002245 -0.000728 0.000791
0.000564 -0.000211 -0.000009
-0.000038 0.000030 -0.000006
21.610924 -9.638487 2.078948
0.901014 -0.813006 0.896340
0.371382 0.104196 -0.116154
-0.039346 0.013985 -0.008238
-0.004308 -0.007648 0.004256
0.001228 -0.000163 -0.000124
-0.000085 0.000289 -0.000117
-0.000005 -0.000027 0.000016
24.775387 -10.901579 3.452534
1.880574 -0.433173 0.422471
0.091949 0.034828 -0.086353
-0.040071 -0.021995 0.011474
0.001468 0.001206 0.000465
-0.000282 0.000989 -0.000081
-0.000152 -0.000108 0.000124
0.000034 -0.000002 -0.000019
28.519281 -11.741769 4.044406
1.789994 -0.460267 0.238273
-0.143998 -0.017311 0.001658
-0.044788 0.008195 0.020938
-0.001126 0.004177 0.001853
0.000665 -0.000434 -0.000140
0.000314 -0.000134 -0.000134
-0.000041 0.000017 0.000015
31.597275 -12.893164 5.426394
0.089811 -0.170986 0.851176
-0.250319 0.085685 0.164891
0.056252 -0.006959 -0.000691
0.011949 -0.004703 -0.004344
-0.001615 0.000341 0.000279
-0.000563 0.000219 0.000180
0.000081 -0.000030 -0.000025
31.335094 -13.003325 7.938896
-0.004371 -0.009623 1.438942
0.180944 -0.014080 0.100795
0.033431 -0.010370 -0.008522
-0.016174 0.003815 0.002248
-0.001005 0.000289 0.000127
0.000658 -0.000227 -0.000203
-0.000053 0.000021 0.000023
32.378391 -13.142899 12.105575
0.614721 -0.076068 1.869577
-0.055513 0.007208 0.069347
-0.057739 0.004100 -0.009993
0.004067 -0.002158 -0.002555
0.001917 -0.000302 0.000121
-0.000269 0.000149 0.000202
0.000006 -0.000012 -0.000028
32.966682 -13.302827 16.872301
-0.239891 -0.086461 1.966004
-0.186692 -0.025867 -0.021178
0.025435 -0.006307 -0.004085
0.006609 0.001473 0.002614
-0.001241 0.000414 -0.000448
-0.000163 -0.000051 -0.000280
0.000031 -0.000001 0.000043
31.914157 -13.626065 20.980973
-0.583536 -0.196983 1.826310
0.014691 -0.001614 -0.068393
0.015346 0.014728 -0.026185
-0.007381 0.002071 -0.006802
-0.000364 -0.000335 0.000080
0.000299 -0.000066 0.000362
-0.000025 0.000008 -0.000033
30.279003 -13.804486 24.744324
-0.688534 0.195918 0.465946
-0.100513 0.115687 -0.375966
-0.016540 -0.000318 -0.003929
0.003938 -0.003949 0.012095
0.000519 -0.000024 0.000672
-0.000197 0.000102 -0.000293
0.000015 -0.000008 0.000013
27.720648 -12.681436 23.903032
-1.258373 0.562302 -0.746495
-0.076947 -0.001948 0.031406
0.013909 -0.020696 0.084892
-0.000195 0.000884 -0.000879
-0.000466 0.000376 -0.002065
0.000070 -0.000050 -0.000058
0.000001 0.000003 0.000032
24.844307 -11.670527 23.160698
-1.432371 0.338252 0.283388
-0.016144 -0.086366 0.362040
0.005476 -0.004005 -0.002947
-0.000066 0.002429 -0.016079
0.000527 0.000004 0.000165
0.000087 -0.000009 0.000412
-0.000021 -0.000002 -0.000038
21.806340 -11.331561 25.078435
-1.366759 0.007398 1.264276
0.074747 -0.049801 0.014873
0.030190 0.014029 -0.080325
0.004258 0.001352 0.000772
-0.000391 -0.000257 0.001806
-0.000232 -0.000032 -0.000154
0.000025 0.000004 0.000001
19.333311 -11.354572 27.244141
-0.066384 0.092947 -0.156711
0.319270 0.061759 -0.363015
-0.004554 0.002595 0.008476
-0.009184 -0.002871 0.008400
0.000036 -0.000074 -0.000694
0.000280 0.000053 -0.000132
-0.000025 -0.000003 0.000017
21.062024 -10.729249 24.547965
1.021402 0.270962 -1.539422
0.026952 -0.028472 -0.113112
-0.036714 -0.018827 0.026398
0.004684 -0.000134 -0.004058
0.000602 0.000299 -0.000214
-0.000212 -0.000008 0.000190
0.000011 0.000009 -0.000012
22.857103 -10.439191 21.464125
0.876018 -0.008290 -1.779762
-0.074603 -0.113710 -0.036088
-0.003940 -0.007154 0.008022
0.001873 0.004164 0.000928
-0.000957 0.000853 0.001017
-0.000071 0.000109 0.000034
0.000029 -0.000049 -0.000032
24.138080 -10.784297 18.318358
0.574351 -0.341374 -1.768860
-0.111694 -0.031325 0.070459
-0.018020 0.043642 0.038539
-0.004275 0.007551 0.005331
0.000169 -0.001110 -0.000698
0.000286 -0.000484 -0.000362
-0.000033 0.000069 0.000047
24.565784 -11.107524 15.145679
-0.342587 0.312204 -0.751741
-0.276155 0.264166 0.332322
-0.010676 0.002891 0.007649
0.006353 -0.014392 -0.011519
0.000425 -0.000097 -0.000450
-0.000250 0.000630 0.000398
0.000024 -0.000062 -0.000031
21.918699 -8.993326 15.085805
-1.574133 1.026164 0.433704
-0.138491 -0.036120 0.041464
0.035215 -0.031466 -0.053147
0.001529 0.010034 0.003561
-0.000027 0.000956 0.001299
0.000191 -0.000495 -0.000173
-0.000041 0.000041 0.000006
18.674370 -7.245270 15.767977
-1.661220 0.825421 0.171211
0.111594 -0.007084 -0.126117
0.053589 0.030066 0.000039
0.001784 0.001984 0.007880
-0.000964 -0.001601 -0.000250
-0.000355 0.000049 -0.000097
0.000055 0.000014 0.000004
16.038359 -5.021013 15.683818
-0.405981 1.181482 -0.090048
0.344990 0.106476 0.061471
-0.014998 -0.011892 0.039238
-0.013983 -0.006654 -0.001255
0.000341 0.000637 -0.001175
0.000542 0.000272 -0.000035
-0.000058 -0.000039 0.000016
16.221693 -2.640702 15.923323
0.432628 1.347805 0.429421
0.070325 -0.024233 0.181011
-0.062405 -0.021602 -0.006810
0.003835 0.004325 -0.010232
0.002228 0.000859 -0.000415
-0.000196 -0.000231 0.000174
-0.000016 0.000010 0.000012
16.923394 -0.433997 17.088513
0.271352 1.177485 0.781744
-0.100734 -0.041602 -0.034568
0.005964 0.013343 -0.068431
0.011342 0.003123 -0.003719
-0.000844 -0.000925 0.002166
-0.000392 -0.000110 0.000320
0.000054 0.000029 -0.000079
17.220790 1.697420 17.993484
0.161487 1.179101 0.005203
0.067234 0.031813 -0.333188
0.033544 0.002766 -0.013851
-0.004612 -0.004673 0.015238
-0.001322 -0.000072 0.000052
0.000306 0.000264 -0.000702
-0.000016 -0.000031 0.000078
18.168705 4.482025 16.448770
0.691292 1.202917 -1.184115
0.099024 -0.036896 -0.130350
-0.020098 -0.010491 0.034841
-0.002552 0.002151 -0.006710
0.001094 0.000130 -0.001075
0.000047 -0.000235 0.000537
-0.000023 0.000033 -0.000043
19.681515 6.568926 13.899624
0.850501 0.994858 -1.488459
0.001605 -0.069690 -0.068305
-0.004417 -0.006612 -0.001134
0.004848 -0.001461 0.001634
-0.000096 -0.000086 0.001776
-0.000258 0.000196 -0.000032
0.000035 -0.000025 -0.000035
21.264695 8.105545 10.985247
0.903226 0.649563 -1.622936
0.040731 -0.118278 0.047338
0.009995 -0.005782 0.052829
-0.001468 0.002317 0.008776
-0.000456 0.000327 -0.001040
0.000192 -0.000122 -0.000480
-0.000019 0.000009 0.000061
23.483110 8.956018 8.333040
1.152370 0.156705 -0.519151
0.062144 -0.087964 0.435352
0.000069 0.012129 0.029233
0.000248 0.000613 -0.014562
0.000132 -0.000331 -0.001237
-0.000102 0.000021 0.000450
0.000010 0.000000 -0.000027
27.529935 8.945175 10.296824
1.511001 -0.080481 1.325015
0.038189 -0.008683 -0.019358
-0.011919 0.001428 -0.090884
-0.002040 -0.001324 0.002072
0.000209 0.000091 0.001705
0.000111 0.000026 -0.000125
-0.000014 -0.000003 0.000001
31.654753 8.636540 12.241280
1.403717 -0.163210 -0.288460
-0.061181 -0.024868 -0.426329
-0.001116 -0.001010 0.009332
0.003062 0.000870 0.011747
-0.000208 0.000087 -0.000263
-0.000162 -0.000026 -0.000115
0.000020 0.000001 0.000005
34.845710 8.091988 9.396240
1.165545 -0.248553 -1.620602
-0.042118 0.000899 -0.011069
-0.007463 0.006505 0.081911
-0.004019 0.000127 0.000611
-0.000061 -0.000153 -0.001273
0.000181 -0.000005 -0.000019
-0.000015 0.000002 0.000011
37.625484 7.474278 6.457722
0.324832 -0.098408 0.345878
-0.205151 0.025572 0.435987
-0.001538 -0.004090 -0.017792
0.005136 -0.000822 -0.010366
0.000017 0.000185 0.000725
-0.000173 0.000040 0.000222
0.000017 -0.000006 -0.000025
37.091559 7.295934 10.220322
-0.539720 -0.045801 1.841249
-0.064033 0.008268 0.061309
0.017620 0.005480 -0.030620
-0.001727 0.001380 0.006699
0.000066 -0.000263 0.000122
0.000179 -0.000091 -0.000292
-0.000030 0.000016 0.000035
35.857719 7.293501 14.066271
-0.611465 0.068839 1.903187
0.030192 0.042216 0.002060
0.018423 0.000111 0.001088
0.001200 -0.002226 0.000283
-0.000361 0.000017 -0.000356
-0.000249 0.000137 0.000213
0.000043 -0.000019 -0.000034
34.981514 7.524995 17.397253
-0.345083 0.180087 1.923807
0.109362 0.015575 0.012144
0.003368 -0.006583 0.003878
-0.005302 0.000618 0.000608
-0.000213 0.000231 -0.000293
0.000277 -0.000096 -0.000201
-0.000026 0.000009 0.000028
34.677897 7.980644 22.110593
0.006982 0.179412 1.974738
0.015089 -0.011734 -0.033604
-0.013535 -0.003800 -0.030827
0.003432 -0.000716 -0.006956
0.000611 -0.000107 0.000146
-0.000163 0.000049 0.000262
0.000009 -0.000003 -0.000021
34.865326 8.223703 26.647736
0.231116 -0.113857 0.210053
0.112200 -0.077024 -0.447443
0.018186 -0.003953 -0.002797
-0.001933 0.001169 0.012011
-0.000544 0.000063 0.000460
0.000048 -0.000032 -0.000231
0.000001 0.000003 0.000009
36.663046 7.253608 24.303959
1.016320 -0.546568 -1.371902
0.099804 -0.059524 0.028717
-0.022800 0.006232 0.084763
-0.002729 0.000449 -0.002526
0.000509 -0.000006 -0.001988
0.000075 0.000024 -0.000054
-0.000014 -0.000004 0.000032
39.036392 5.886381 22.191313
1.087926 -0.694757 -0.387983
-0.061079 -0.003924 0.322047
-0.018514 0.011727 -0.014681
0.003059 0.000745 -0.016537
0.000130 -0.000058 0.000385
-0.000134 -0.000032 0.000425
0.000014 0.000002 -0.000036
41.519382 4.065350 22.504862
0.449556 -0.357255 -0.113641
-0.121668 0.098384 -0.283831
-0.003711 0.002326 -0.044497
0.000049 -0.002795 0.013342
0.000414 -0.000267 0.000992
0.000164 0.000009 -0.000360
-0.000027 0.000005 0.000021
41.857043 3.679599 19.794273
-0.109640 -0.054996 -1.575779
-0.003175 -0.048261 -0.061897
0.043518 -0.035416 0.070762
0.004202 -0.001594 0.001134
-0.001334 0.000709 -0.001531
-0.000370 0.000106 0.000062
0.000067 -0.000020 0.000002
42.014675 3.041031 16.853121
0.419616 -0.692694 -1.001722
0.208149 -0.233205 0.290661
-0.002009 -0.011868 0.026722
-0.012615 0.006446 -0.009998
0.000128 0.000242 -0.000536
0.000605 -0.000181 0.000098
-0.000074 0.000015 0.000021
43.499223 0.733754 16.057440
0.917546 -1.569082 0.145566
-0.000769 -0.163538 0.205888
-0.042646 0.029131 -0.047467
0.004159 0.002376 -0.003749
0.001160 -0.000625 0.002365
-0.000433 0.000036 0.000387
0.000054 0.000015 -0.000123
44.785675 -1.961326 16.600060
0.686897 -1.845142 0.462504
-0.123031 -0.011786 0.029727
-0.010433 0.034619 -0.010319
0.004596 0.000819 0.012467
-0.000147 0.000478 -0.000215
0.000150 0.000202 -0.000944
-0.000038 -0.000072 0.000150
45.538427 -4.689206 17.401872
0.301634 -1.607099 0.621044
-0.105698 0.180759 0.099036
0.017747 0.051605 0.021994
0.003909 0.002540 -0.003582
-0.000665 -0.001215 -0.001486
-0.000262 -0.000569 0.000668
0.000047 0.000103 -0.000077
45.889072 -6.783031 19.124456
0.134124 -0.357429 1.136788
0.009812 0.386947 0.134965
0.007274 -0.009281 -0.002237
-0.005252 -0.015091 0.000132
0.000120 0.000481 0.000124
0.000394 0.000854 -0.000397
-0.000058 -0.000120 0.000068
46.155501 -6.381773 21.525949
0.155475 0.673851 1.573772
-0.006489 0.164005 0.099339
-0.002299 -0.047886 -0.017905
0.003154 0.005872 -0.004233
0.000544 0.001674 0.000362
-0.000314 -0.000629 0.000442
0.000022 0.000046 -0.000087
46.368088 -5.214997 23.874004
0.160163 0.930855 1.716794
0.020530 0.046672 -0.000523
0.011792 -0.010373 -0.021923
-0.000162 0.003504 0.002921
-0.001177 -0.001705 0.000461
-0.000094 -0.000172 -0.000419
0.000042 0.000057 0.000056
46.779341 -3.404108 26.930522
0.283609 0.980222 1.553244
0.011250 -0.050354 -0.080631
-0.024182 -0.040972 -0.014391
-0.006594 -0.008469 -0.001816
0.000778 0.000466 -0.000149
0.000447 0.000565 0.000308
-0.000061 -0.000066 -0.000034
47.075497 -2.090976 30.035362
-0.209680 -0.243135 0.866740
-0.160365 -0.406678 -0.170285
0.013497 -0.011851 0.006908
0.011603 0.014021 0.006411
-0.000477 0.000310 -0.000004
-0.000616 -0.000586 -0.000289
0.000071 0.000062 0.000030
46.068661 -4.909366 31.433267
-0.369415 -1.791824 0.425795
0.086658 -0.140251 0.011616
0.006170 0.050272 0.021684
-0.012986 -0.002849 -0.004355
-0.000430 -0.000356 -0.000454
0.000622 0.000496 0.000228
-0.000061 -0.000079 -0.000018
45.588280 -8.355932 32.327147
-0.270340 -1.851706 0.576208
-0.086906 0.104758 0.045938
-0.051202 0.047389 -0.004609
0.001034 0.001986 -0.001036
0.002088 -0.000402 0.000756
-0.000161 -0.000505 -0.000007
-0.000009 0.000071 -0.000015
44.389042 -11.242726 33.613541
-1.054533 -0.914517 0.721958
-0.247328 0.330447 0.041742
0.009076 0.007272 0.007756
0.009941 -0.012459 0.002028
-0.000517 -0.000594 -0.000543
-0.000279 0.000472 -0.000213
0.000029 -0.000037 0.000031
40.260056 -11.759492 36.019905
-1.705297 0.194731 1.032234
0.027242 -0.012207 0.006474
0.023223 -0.053919 -0.037531
-0.007282 0.005488 -0.007475
-0.000491 0.001292 0.000726
0.000282 -0.000241 0.000368
-0.000018 0.000011 -0.000044
35.844505 -12.018580 37.920841
-1.564051 -0.467721 0.007641
-0.031835 -0.109535 -0.320552
-0.012542 0.025633 0.001029
0.004914 0.003673 0.012273
0.001291 -0.000978 -0.000219
-0.000067 -0.000033 -0.000482
-0.000027 0.000015 0.000054
32.662696 -13.138236 36.864027
-1.612421 -0.562699 -0.946446
0.073632 0.054296 -0.122162
0.051366 0.019760 0.043826
0.006470 -0.003792 -0.003572
-0.001710 -0.000135 -0.001570
-0.000443 0.000176 0.000253
0.000074 -0.000022 -0.000003
30.094835 -13.969842 34.606571
-0.598989 -0.192255 -1.105191
0.344145 0.098747 -0.015490
-0.002901 -0.000213 -0.010998
-0.016861 -0.000568 -0.004154
-0.000357 0.000061 0.001365
0.000655 -0.000145 0.000208
-0.000059 0.000022 -0.000043
30.046899 -13.946133 32.023097
0.271411 0.189772 -1.316691
-0.026889 0.062193 -0.040059
-0.078299 -0.014579 0.025941
0.004238 -0.002219 0.009984
0.002333 0.000361 -0.000149
-0.000240 0.000192 -0.000442
0.000001 -0.000028 0.000046
29.918789 -13.420403 29.462133
-0.562901 0.240131 -0.855420
-0.260486 -0.023162 0.287241
0.017199 -0.000478 0.051973
0.012981 0.005174 -0.006153
-0.000664 0.000151 -0.001455
-0.000231 -0.000224 0.000237
0.000020 0.000018 -0.000008
26.633663 -12.041368 31.654068
-0.221783 0.669749 1.701667
0.309032 0.085205 0.123402
0.003741 -0.021541 -0.052376
-0.011149 -0.006274 0.002329
0.000408 0.000625 0.001386
0.000321 0.000264 0.000003
-0.000044 -0.000033 -0.000037
27.189512 -10.701679 34.940201
0.729649 0.667538 1.751093
0.163677 -0.091667 -0.047881
-0.042106 -0.026570 -0.002496
-0.000628 0.005825 0.007207
0.000826 0.001219 -0.001199
-0.000246 -0.000157 -0.000469
0.000028 -0.000008 0.000085
28.800888 -9.870633 37.984001
0.915825 0.257629 1.625858
-0.056630 -0.077445 -0.031929
-0.038170 0.034024 -0.013482
0.000607 0.007501 -0.009114
0.000092 -0.001029 -0.000455
0.000111 -0.000257 0.000606
-0.000011 0.000034 -0.000056
30.162233 -8.736401 41.616974
-0.182448 0.850634 0.575497
-0.264772 0.219107 -0.318081
0.003442 -0.006571 -0.001398
0.006700 -0.011118 0.012923
0.000128 0.000398 0.000258
-0.000107 0.000422 -0.000524
0.000003 -0.000047 0.000048
28.303122 -5.596696 41.457412
-1.057224 1.369129 -0.408131
-0.016544 -0.037778 -0.004657
0.049351 -0.023806 0.045059
-0.000252 0.007811 -0.006812
-0.001076 0.000433 -0.001155
-0.000051 -0.000417 0.000339
0.000016 0.000040 -0.000023
26.301721 -2.728969 40.818838
-0.512297 1.138039 -0.099427
0.185727 -0.022539 0.060240
-0.006554 0.008294 -0.018862
-0.009690 -0.003412 -0.002961
0.000050 -0.000894 0.000961
0.000213 0.000226 -0.000034
-0.000014 -0.000012 -0.000003
24.459328 1.062923 40.036236
-1.170017 0.125308 -0.340481
-0.279442 -0.228528 0.012937
0.012963 0.001478 0.022311
0.010224 0.005744 -0.000418
-0.000377 -0.000080 -0.001127
-0.000244 -0.000166 -0.000119
0.000024 0.000015 0.000034
20.457411 0.213363 39.488912
-1.867079 -0.703784 -0.114497
0.037451 -0.085731 -0.001637
0.049980 0.023917 -0.040742
-0.003660 -0.002133 -0.007665
-0.000914 -0.000588 0.001325
0.000170 0.000096 0.000457
-0.000010 -0.000003 -0.000070
16.851267 -1.636056 38.651321
-1.159737 -0.869390 -0.842676
0.213364 -0.022769 -0.267988
0.000302 -0.005765 0.000186
-0.004796 -0.002398 0.013912
0.000364 0.000450 -0.000106
0.000016 0.000056 -0.000666
-0.000004 -0.000009 0.000074
15.146200 -4.060766 35.320137
-0.316967 -1.132841 -1.593805
0.095512 -0.071227 -0.001103
-0.025220 0.003466 0.026782
-0.000921 0.003619 -0.009199
0.000087 0.000141 -0.000420
-0.000054 -0.000097 0.000624
0.000011 0.000005 -0.000070
14.602752 -6.857257 31.814477
-0.312605 -1.245305 -1.511921
-0.101857 0.048284 0.008296
-0.031838 0.025847 0.002864
0.000225 -0.000066 0.005795
0.000493 -0.000597 0.000577
0.000113 -0.000011 -0.000477
-0.000016 0.000007 0.000045
12.898548 -9.252688 28.452110
-1.219979 -0.668074 -1.177114
-0.225317 0.156468 0.146303
0.011521 -0.003479 0.012277
0.008331 -0.004605 -0.006703
0.000235 0.000137 -0.000867
-0.000149 0.000114 0.000276
-0.000002 -0.000007 -0.000015
9.549928 -10.079730 26.571386
-1.716896 -0.187130 -0.672309
0.050732 0.050450 0.029123
0.062985 -0.019611 -0.041883
0.000018 0.002205 -0.002300
-0.001851 0.000913 0.001206
-0.000177 0.000007 0.000048
0.000052 -0.000025 -0.000018
6.361925 -10.377020 24.436701
-0.654081 -0.023533 -1.226740
0.236141 0.082417 -0.192554
-0.037423 0.027628 0.000467
-0.011315 0.000536 0.007151
0.002320 -0.002281 -0.000512
0.000731 -0.000432 -0.000276
-0.000148 0.000138 0.000050
5.719990 -10.107214 21.987402
-0.265914 0.379925 -1.754959
0.015718 0.115905 -0.116339
-0.023337 -0.032204 0.021926
0.014275 -0.014425 -0.000431
0.001290 0.001118 -0.000443
-0.000943 0.001132 0.000291
0.000091 -0.000167 -0.000042
5.285886 -9.287257 18.195730
-0.065767 0.230105 -1.969633
0.155492 -0.174515 0.010375
0.042834 -0.016071 0.023712
-0.003747 0.017795 0.000838
-0.002374 0.000708 -0.000468
0.000330 -0.001200 -0.000295
0.000008 0.000150 0.000064
5.722739 -9.327450 15.131881
0.652346 -0.196172 -1.763101
0.239650 -0.031359 0.103336
-0.013815 0.051897 0.007146
-0.008855 -0.001404 -0.005095
0.001253 -0.002701 0.000169
0.000417 0.000498 0.000426
-0.000093 -0.000033 -0.000073
7.324239 -9.538335 12.530143
1.231645 0.026586 -1.431112
0.106586 0.127935 0.091770
-0.025084 0.005892 -0.002729
0.003870 -0.008534 0.002179
0.000125 0.000342 0.000247
-0.000647 0.000123 -0.000410
0.000092 -0.000008 0.000052
10.092222 -9.033480 10.004171
1.405613 0.383532 -1.057564
-0.038243 0.006479 0.082985
-0.042034 -0.033833 -0.012482
-0.007883 0.000037 -0.005402
0.000220 0.001102 -0.000238
0.000663 0.000002 0.000330
-0.000076 -0.000015 -0.000027
12.559978 -8.466476 7.396411
0.155405 -0.047276 -1.136443
-0.381938 -0.099019 -0.115418
0.002911 0.017229 -0.011029
0.015563 0.005074 0.008659
-0.000217 -0.001059 0.001134
-0.000719 -0.000279 -0.000155
0.000084 0.000057 -0.000017
11.555000 -8.786122 4.709860
-0.961659 -0.186650 -1.397344
-0.121324 0.012684 0.072285
0.050436 0.002088 0.069717
-0.006312 -0.006348 0.005719
-0.001714 0.000412 -0.002205
0.000472 0.000522 -0.000397
-0.000033 -0.000079 0.000077
9.426601 -9.155754 2.769294
-1.104688 -0.215828 -0.311501
-0.015809 -0.021939 0.407872
-0.011286 0.007052 0.007384
-0.004301 0.007054 -0.018541
0.001212 0.000088 -0.000515
0.000018 -0.000576 0.000679
-0.000018 0.000075 -0.000058
7.010200 -9.531352 3.574340
-1.351934 -0.059592 0.881573
-0.097879 0.109663 0.086037
-0.004240 0.016439 -0.085093
0.003813 -0.005687 0.001146
-0.000118 -0.000484 0.002779
-0.000238 0.000481 -0.000135
0.000042 -0.000066 -0.000027
4.607033 -9.316067 4.887683
-1.648428 0.330108 0.603310
-0.078664 0.114271 -0.209918
0.007336 -0.008056 -0.024138
-0.000224 -0.000556 0.014303
-0.000146 0.000593 0.000035
0.000232 -0.000256 -0.000438
-0.000026 0.000025 0.000041
-0.017417 -7.857088 5.172204
-1.851262 0.728299 -0.188301
0.034542 0.022032 -0.013525
0.033950 -0.023124 0.038343
0.005184 -0.003301 -0.004550
-0.000240 0.000158 -0.001067
-0.000244 0.000200 0.000296
0.000021 -0.000018 -0.000018
-4.282410 -6.224455 5.284750
0.127860 -0.128260 0.293518
0.313779 -0.108337 0.066248
-0.041009 0.038355 0.007721
-0.011319 0.007181 0.004040
0.000814 -0.001060 -0.000025
0.000334 -0.000304 -0.000207
-0.000034 0.000041 0.000020
-2.895571 -6.475677 6.763299
0.483021 0.219236 0.968629
-0.178208 0.188822 0.195002
-0.041067 -0.000390 0.008032
0.012105 -0.012444 -0.004688
0.001183 -0.000046 -0.000352
-0.000286 0.000434 0.000165
0.000001 -0.000038 -0.000016
-2.781699 -5.412561 9.602302
-0.311216 0.627243 1.711636
-0.093573 -0.050065 0.124877
0.059844 -0.052842 -0.027120
0.006106 0.003198 -0.002753
-0.002310 0.001897 0.000231
-0.000274 -0.000123 -0.000072
0.000069 -0.000013 0.000017
-3.269552 -4.704509 12.662034
-0.110273 0.140032 1.856540
0.187620 -0.190745 -0.050032
0.029493 0.006492 -0.041216
-0.013408 0.011827 -0.001119
-0.001024 -0.000078 0.000483
0.000530 -0.000272 0.000122
-0.000037 0.000019 -0.000015
-1.892550 -4.898197 17.006521
0.400491 0.430018 0.336408
-0.146694 0.319303 -0.244937
-0.022851 0.030083 0.029478
0.010382 -0.010429 0.007172
0.000460 -0.000736 -0.000854
-0.000390 0.000210 -0.000248
0.000031 -0.000009 0.000030
-1.907164 -0.651865 16.855851
-0.194409 1.999268 -0.113539
0.023636 0.020398 0.025169
0.019666 -0.073457 -0.014042
-0.005903 -0.000952 -0.010724
-0.000484 0.001378 0.000514
0.000288 0.000019 0.000396
-0.000024 -0.000013 -0.000042
-2.170029 3.597855 16.062103
-0.047975 0.769173 -0.771057
-0.014165 -0.367850 -0.268283
-0.010901 0.001137 -0.014555
0.002411 0.011011 0.010471
0.000467 -0.000262 0.000444
-0.000171 -0.000221 -0.000405
0.000013 0.000018 0.000033
-2.549322 3.245753 11.376755
-0.161330 -0.551432 -1.893360
0.002956 0.011501 -0.024724
0.002861 0.039249 0.022560
-0.001715 -0.005811 -0.006493
-0.000096 -0.000580 -0.000277
0.000112 0.000187 0.000329
-0.000011 -0.000013 -0.000034
-2.943087 2.308255 6.646393
-0.172252 -0.149825 -1.918215
-0.012440 0.080131 -0.018443
-0.000799 -0.014812 -0.002991
0.001417 -0.002895 0.002492
0.000115 0.000465 0.000271
-0.000083 -0.000047 -0.000255
0.000008 0.000006 0.000030
-3.399625 2.137147 1.916046
-0.176457 -0.122532 -1.956764
0.019056 -0.077518 0.007256
0.005650 -0.021858 0.000928
-0.000539 0.001528 -0.001649
-0.000108 0.000508 0.000288
0.000053 0.000053 0.000257
-0.000007 -0.000011 -0.000038
-3.654609 1.199948 -2.700443
-0.020282 -0.689803 -1.878257
0.040802 -0.104352 0.060805
0.000854 0.023915 0.028844
-0.000594 0.007021 0.005870
-0.000173 -0.000015 -0.000530
-0.000062 -0.000126 -0.000372
0.000018 -0.000005 0.000061
-3.600786 0.092105 -5.170502
0.090431 -0.763347 -1.475866
0.030329 0.076719 0.226411
-0.007128 0.055706 0.038743
-0.001887 0.002454 -0.003077
0.000073 -0.001332 -0.001071
0.000119 -0.000179 0.000246
-0.000015 0.000036 -0.000022
-3.369588 -0.673015 -6.998368
0.081226 0.232671 -0.185559
-0.035580 0.347695 0.342915
-0.007726 0.008984 -0.003618
0.002010 -0.011744 -0.005157
0.000224 -0.000272 -0.000002
-0.000094 0.000348 -0.000076
0.000007 -0.000027 0.000013
-3.498808 2.677741 -4.933868
-0.134175 1.554660 1.172326
-0.011362 -0.000834 -0.008011
0.006648 -0.042394 -0.070271
-0.000342 0.006301 -0.002647
-0.000040 0.000877 0.001197
0.000066 -0.000223 0.000207
-0.000009 0.000011 -0.000031
-3.822200 6.437791 -3.134317
-0.055382 1.187893 -0.215140
0.044030 -0.040599 -0.384971
0.008388 0.021755 0.013284
-0.000207 0.001040 0.014855
-0.000424 -0.001101 -0.000209
-0.000113 -0.000020 -0.000379
0.000018 0.000015 0.000025
-3.756611 8.448899 -4.442898
0.139447 1.214246 -1.155319
0.053309 0.036142 -0.108138
-0.011318 -0.000873 0.078428
-0.005652 -0.006684 0.000906
-0.000487 -0.000410 -0.002540
0.000101 0.000155 -0.000076
0.000018 0.000006 0.000059
-3.482927 10.439670 -6.270860
0.122275 1.210235 -0.963932
-0.094524 -0.071301 0.184025
-0.047722 -0.040026 0.026327
-0.003136 -0.003067 -0.013870
0.001431 0.001429 -0.000085
0.000298 0.000227 0.000586
-0.000064 -0.000052 -0.000070
-3.815804 12.124284 -7.371741
-0.631677 0.605305 -0.335131
-0.306243 -0.247257 0.121182
-0.014864 -0.010420 -0.033357
0.011069 0.010103 -0.000715
0.000440 0.000459 0.001595
-0.000486 -0.000412 -0.000266
0.000050 0.000036 0.000016
-7.153464 12.290208 -7.900886
-1.862803 -0.285481 -0.216913
-0.115727 -0.042912 -0.030303
0.040132 0.039421 -0.002493
-0.001505 -0.003246 0.002878
-0.000250 -0.001035 -0.000330
0.000394 0.000213 0.000010
-0.000057 -0.000012 0.000002
-10.918089 11.798742 -8.420760
-1.877372 -0.144837 -0.299631
0.115879 0.075822 -0.000813
0.048120 0.000347 0.009793
0.003656 -0.004398 0.000723
-0.000194 0.000477 -0.000063
-0.000385 0.000048 0.000036
0.000039 -0.000007 -0.000005
-14.148937 11.839910 -9.000000
0.125650 0.070288 0.058662
0.417366 -0.008315 0.132838
-0.028223 -0.002949 0.018873
-0.014755 0.002562 0.000059
0.000331 -0.000031 -0.000336
0.000442 -0.000103 -0.000066
-0.000037 0.000009 0.000008
-11.131387 12.122292 -6.273329
0.541641 0.114006 1.399374
-0.230531 -0.003614 0.111432
0.008334 -0.013924 -0.038054
0.017082 -0.002898 -0.004573
-0.000495 0.000334 0.000664
-0.000516 0.000135 0.000155
0.000050 -0.000017 -0.000019
-10.487170 12.052074 -2.515227
0.395066 -0.284085 1.058830
0.230339 -0.120272 -0.200063
0.046286 0.001474 -0.012257
-0.011453 0.004793 0.008404
-0.001086 -0.000077 0.000265
0.000443 -0.000186 -0.000204
-0.000036 0.000020 0.000011
-7.696421 10.718852 -0.979570
1.705000 -0.648377 0.301935
0.155021 -0.006074 -0.024163
-0.047729 0.013650 0.039733
-0.002965 -0.002541 -0.001616
0.000749 -0.000135 -0.001305
-0.000205 0.000178 0.000000
0.000029 -0.000021 0.000022
-4.153750 9.495436 -0.242031
1.705408 -0.579078 0.528512
-0.164910 0.031892 0.087566
-0.058158 0.004322 -0.011495
0.000158 0.000760 -0.008558
0.000662 0.000235 0.000481
0.000190 -0.000115 0.000304
-0.000026 0.000010 -0.000032
-1.744146 8.292268 1.291091
-0.164948 -0.265381 0.383216
-0.426375 0.083384 -0.138095
0.017626 0.002289 -0.008652
0.011972 -0.002024 0.009284
-0.000218 -0.000161 0.000569
-0.000299 0.000066 -0.000293
0.000024 -0.000004 0.000018
-3.927895 8.094362 1.597760
-1.387318 0.057837 0.052928
-0.036719 0.036841 0.073539
0.066853 -0.012389 0.053583
-0.004143 -0.000140 0.000150
-0.001611 0.000342 -0.001432
0.000100 0.000006 0.000008
0.000017 -0.000005 0.000015
-6.527453 8.275137 2.486119
-0.929075 0.074977 0.953359
0.169493 -0.015691 0.297502
-0.008940 -0.000598 0.002846
-0.008733 0.002275 -0.009571
0.001285 -0.000033 0.000051
0.000358 -0.000065 0.000227
-0.000057 0.000005 -0.000021
-8.053581 8.419980 6.264749
-0.443816 0.086048 1.991336
0.064237 0.030575 0.070887
0.014462 0.007353 -0.047656
0.010068 -0.001239 0.000563
-0.000470 -0.000339 0.000785
-0.000600 0.000023 -0.000125
0.000071 0.000002 0.000009
-8.421175 8.776849 10.415287
0.259893 0.241202 1.717933
0.266019 0.019759 -0.173194
0.014054 -0.012740 -0.024777
-0.011664 -0.002578 0.003481
-0.001313 0.000158 0.000050
0.000469 0.000055 0.000010
-0.000027 -0.000004 -0.000002
-4.917603 8.648275 13.917023
0.192985 -0.603696 0.036102
-0.328243 -0.150743 -0.049745
0.000561 0.011031 0.040490
0.014428 0.004037 0.002014
-0.000166 -0.000164 -0.000434
-0.000384 -0.000079 -0.000046
0.000032 0.000006 0.000004
-6.741210 5.444283 15.363864
-0.485365 -0.829258 1.189246
0.161437 0.085398 0.276371
0.013035 0.008903 -0.007492
-0.011214 -0.004421 -0.008148
0.000329 -0.000195 -0.000293
0.000429 0.000076 0.000059
-0.000050 -0.000003 0.000009
-7.094613 3.994521 19.146483
0.073663 -0.512132 1.938899
0.050327 0.014675 -0.022253
-0.018303 -0.025859 -0.074060
0.005141 -0.001895 -0.003284
0.000796 0.000548 0.001481
-0.000360 0.000034 0.000203
0.000029 -0.000005 -0.000034
-6.668909 2.372178 22.751223
0.300158 -0.929389 0.570735
0.079461 -0.156522 -0.420524
0.009981 -0.007188 0.003284
-0.002811 0.005156 0.015558
-0.000775 0.000333 0.000001
0.000151 -0.000062 -0.000399
-0.000007 -0.000002 0.000032
-5.407787 -0.851013 22.118993
0.633842 -1.500378 -0.676526
0.000079 -0.004325 0.023152
-0.029329 0.042537 0.077400
-0.002219 0.002067 -0.004590
0.000548 -0.000932 -0.001788
0.000024 -0.000105 0.000162
-0.000004 0.000019 0.000001
-4.307118 -4.133509 21.542927
-0.021952 -0.722384 0.441255
-0.219452 0.220544 0.229780
-0.011683 -0.008979 -0.037076
0.004983 -0.009021 -0.010631
0.000318 0.000239 0.000917
-0.000052 0.000250 0.000173
-0.000002 -0.000022 -0.000017
-6.793378 -5.265435 23.400620
-1.079518 -0.378619 -0.146191
0.027576 -0.115897 -0.352486
0.043247 -0.006971 -0.015889
-0.001712 0.007855 0.010999
-0.001220 -0.000255 0.000020
-0.000093 -0.000297 -0.000258
0.000032 0.000036 0.000026
-8.827990 -6.805137 20.987114
-0.479201 -0.760352 -1.618824
0.108530 -0.014689 -0.156313
-0.035669 0.011802 0.049779
-0.008518 -0.003654 0.001125
0.001493 -0.000048 -0.000497
0.000456 0.000325 0.000188
-0.000079 -0.000045 -0.000027
-9.674015 -8.291011 17.628501
-0.558497 -0.757290 -1.643988
-0.131048 0.011246 0.147470
-0.017972 0.006942 0.054134
0.011564 0.002804 0.000145
0.000560 0.000200 -0.000406
-0.000617 -0.000282 -0.000173
0.000060 0.000030 0.000021
-11.653583 -9.865824 15.233090
-0.980395 -0.494799 -0.137889
0.008358 0.095449 0.434212
0.025333 0.002790 0.009544
-0.005713 -0.004587 -0.009544
-0.001095 -0.000259 -0.000409
0.000384 0.000218 0.000172
-0.000026 -0.000018 -0.000009
-14.583251 -10.791082 18.690533
-0.902541 -0.232623 1.749683
-0.041250 -0.026536 -0.001993
-0.003662 -0.002919 -0.074181
0.005621 0.004610 0.000503
0.000498 0.000070 0.000971
-0.000222 -0.000184 -0.000032
0.000013 0.000016 -0.000002
-17.535557 -11.551226 22.159796
-0.579036 -0.079999 -0.168603
0.184067 0.075359 -0.428723
0.018783 -0.000760 0.007442
-0.006063 -0.004076 0.008483
-0.000868 0.000146 -0.000190
0.000086 0.000192 -0.000084
0.000007 -0.000021 0.000003
-17.747765 -11.345258 18.715617
0.194453 0.139824 -1.798994
-0.055800 0.010870 -0.051899
-0.066441 0.005530 0.057251
-0.001903 0.004031 -0.002044
0.001835 -0.000313 -0.001039
0.000222 -0.000244 -0.000013
-0.000050 0.000030 0.000022
-18.213274 -10.876857 15.054601
-0.836146 0.347657 -1.399919
-0.331276 0.078323 0.175380
0.010179 -0.000606 0.005263
0.015742 -0.005744 -0.006184
-0.000250 -0.000479 0.001017
-0.000542 0.000218 0.000328
0.000058 -0.000008 -0.000063
-20.643433 -10.046277 13.067993
-1.626417 0.484965 -0.774321
-0.039581 -0.037041 0.170326
0.073280 -0.035112 0.009482
-0.001418 -0.000853 0.006001
-0.002128 0.001356 0.000146
0.000201 0.000115 -0.000486
0.000000 -0.000031 0.000053
-23.665436 -9.473681 12.374284
-1.026761 -0.029225 0.223764
0.246563 -0.147628 0.306616
0.004418 0.018268 0.012074
-0.010338 0.010935 -0.007468
0.000450 -0.000092 -0.001035
0.000206 -0.000343 0.000300
-0.000019 0.000027 -0.000016
-25.196966 -9.024608 16.961487
-0.185438 1.026928 1.397084
-0.016710 0.327041 -0.123510
0.007137 -0.018483 -0.032662
0.006074 -0.012448 0.007894
-0.000926 0.000824 0.000757
-0.000320 0.000419 -0.000151
0.000052 -0.000053 -0.000003
-25.536914 -5.639689 19.277025
-0.065109 1.850106 0.759694
0.053043 0.024153 -0.088122
-0.008694 -0.043202 0.038590
-0.007852 0.007104 0.004402
0.000100 0.001009 -0.001494
0.000477 -0.000391 -0.000194
-0.000051 0.000032 0.000042
-25.636004 -1.909087 20.849966
-0.150707 1.665417 0.894154
-0.104553 -0.053550 0.112859
-0.016956 0.010171 0.002954
0.008112 0.002191 -0.010359
0.001382 -0.000974 -0.000027
-0.000273 0.000075 0.000428
0.000001 0.000001 -0.000044
-26.378507 1.451780 23.076165
-0.445918 1.580725 1.099718
0.051890 0.001374 -0.057604
0.062128 0.000504 -0.035850
0.004886 -0.002611 0.003449
-0.001967 0.000104 0.001312
-0.000259 0.000097 -0.000215
0.000051 -0.000013 0.000005
-26.388964 5.035095 25.012192
0.689237 1.506587 0.540986
0.356017 -0.042646 -0.119452
-0.010137 -0.007552 0.017965
-0.016778 0.000583 0.003728
0.000052 -0.000038 -0.001070
0.000553 -0.000117 -0.000131
-0.000055 0.000017 0.000030
-23.849725 7.865409 25.791917
1.539456 1.239035 0.299399
-0.016956 -0.095489 -0.018963
-0.084444 -0.014167 -0.000057
0.001861 -0.002181 -0.006421
0.002012 -0.000022 -0.000049
-0.000232 0.000120 0.000298
0.000007 -0.000010 -0.000028
-21.170856 10.213079 26.156633
-0.080148 0.194130 -0.216323
-0.380111 -0.250774 -0.158638
0.012558 -0.006896 -0.000794
0.007877 0.004170 0.006866
-0.000753 0.000285 0.000184
-0.000082 -0.000085 -0.000272
0.000013 0.000005 0.000023
-23.846428 8.856925 24.607741
-1.502846 -1.001999 -0.664492
-0.091247 -0.105624 0.032792
0.034065 0.035379 0.019002
-0.002008 0.001700 -0.005230
0.000130 -0.000362 -0.000587
0.000185 0.000009 0.000182
-0.000031 -0.000004 -0.000010
-26.906210 6.767482 23.488980
-1.498767 -0.983412 -0.490156
0.094886 0.114326 0.013918
0.035248 0.034357 -0.022322
0.001790 -0.002252 -0.003123
-0.000188 -0.000541 0.000750
-0.000239 -0.000040 0.000046
0.000025 0.000010 -0.000009
-29.561813 5.418781 21.790432
-0.270277 0.051627 -0.930530
0.307442 0.186658 -0.146181
-0.005743 -0.026364 -0.000200
-0.009474 -0.007144 0.005887
-0.000212 0.000310 0.000145
0.000236 0.000145 -0.000121
-0.000015 -0.000011 0.000007
-28.051027 5.897287 17.121590
0.291308 -0.501608 -1.015780
-0.215841 -0.297959 0.180400
-0.030028 -0.010766 0.025423
0.008592 0.008598 -0.004834
0.000489 0.000136 -0.000557
-0.000176 -0.000161 0.000060
0.000009 0.000011 0.000001
-29.579780 1.359082 15.951371
-0.919260 -1.782220 0.136818
0.000580 0.019915 0.018719
0.048419 0.045298 -0.051862
-0.000839 -0.002328 -0.002307
-0.000861 -0.000571 0.000950
0.000043 0.000091 0.000088
0.000002 -0.000005 -0.000015
-31.226160 -3.130196 14.802778
0.186234 -0.641145 -1.175288
0.205367 0.230926 -0.268938
-0.018466 -0.003977 0.023067
-0.005227 -0.003164 0.008083
0.000506 0.000072 -0.000943
0.000092 -0.000028 -0.000275
-0.000010 0.000006 0.000040
-29.794751 -3.428798 10.422457
0.668179 0.275972 -1.863875
-0.028079 0.074231 -0.012992
-0.021343 -0.032403 0.009350
0.004605 -0.001159 -0.007093
0.000469 0.000529 0.000664
-0.000097 0.000085 0.000476
0.000001 -0.000016 -0.000067
-28.489019 -2.777754 5.937575
0.452620 0.121645 -1.909983
-0.006207 -0.109762 0.023431
0.024097 -0.008731 0.032494
0.002504 0.004808 0.009789
-0.000783 -0.000151 -0.000442
-0.000080 -0.000180 -0.000632
0.000017 0.000023 0.000070
-26.805734 -3.244517 1.855197
0.918522 -0.419916 -0.755736
0.130114 -0.073313 0.333507
-0.007133 0.004314 -0.014688
-0.005319 -0.000870 -0.017144
0.000497 0.000529 0.000128
0.000236 0.000264 0.000701
-0.000039 -0.000056 -0.000076
-24.796129 -4.214881 1.330987
1.238204 -0.618393 -0.029589
0.038298 -0.015854 0.005166
-0.015900 0.025530 -0.080111
0.002732 0.005169 0.002665
0.000384 -0.000496 0.002480
-0.000257 -0.000452 -0.000269
0.000037 0.000068 0.000008
-22.660994 -5.150452 0.964806
1.284631 -0.402916 -0.561406
0.002453 0.141840 -0.265677
-0.000642 0.022290 -0.015418
0.001283 -0.006893 0.013485
0.000008 -0.001039 0.000260
0.000182 0.000344 -0.000171
-0.000061 -0.000036 -0.000031
-20.696011 -5.398504 -0.485991
1.309540 0.072041 -1.290809
0.021859 0.132798 -0.158828
0.008797 -0.026210 0.054740
0.000189 -0.007293 0.005684
-0.001279 0.000350 -0.002816
-0.000464 -0.000040 -0.000503
0.000128 0.000044 0.000174
-18.896860 -5.149987 -2.354932
1.389612 0.223503 -1.418920
0.018046 -0.039504 0.045507
-0.020816 -0.055898 0.030350
-0.010129 -0.002371 -0.012102
-0.000229 0.001674 -0.000360
0.000727 0.000371 0.001117
-0.000084 -0.000094 -0.000180
-17.006603 -5.066551 -4.212972
1.220646 -0.203504 -1.226008
-0.162635 -0.245643 0.064771
-0.053382 -0.028599 -0.007385
0.001623 0.011215 0.000932
0.002434 0.000909 0.001601
-0.000093 -0.000552 -0.000651
-0.000031 0.000065 0.000079
-15.664056 -6.038758 -6.000506
0.401653 -1.012720 -1.042339
-0.310495 -0.215948 0.062306
0.003363 0.035458 0.004348
0.013100 0.006684 0.000118
-0.000058 -0.000930 -0.000432
-0.000433 0.000164 0.000221
0.000046 -0.000028 -0.000029
-15.795801 -8.275386 -7.637345
-0.415792 -1.328731 -0.780496
-0.094055 0.062616 0.085856
0.062251 0.062151 0.006260
0.001134 0.000613 0.001059
-0.001593 -0.001057 -0.000001
0.000146 -0.000187 -0.000141
-0.000004 0.000029 0.000015
-16.459949 -10.330960 -9.000000
0.288340 0.139945 -0.146749
0.255223 0.311538 0.111383
0.005712 -0.034745 -0.011964
-0.006664 -0.013530 -0.003942
0.000289 0.000712 0.000139
0.000075 0.000395 0.000157
-0.000006 -0.000036 -0.000014
-12.509868 -8.680843 -9.000000
1.533362 -0.066909 -0.086099
0.037621 -0.240491 -0.040757
-0.017857 0.025974 0.014404
0.003136 0.016564 0.005547
0.000175 -0.000954 -0.000491
-0.000085 -0.000545 -0.000214
0.000003 0.000058 0.000025
-7.771334 -9.503386 -9.000000
1.578803 0.107219 0.281344
0.005990 0.262825 0.123726
-0.001843 0.006325 -0.008118
-0.002874 -0.016814 -0.006866
-0.000771 0.000235 0.000461
-0.000019 0.000676 0.000319
0.000026 -0.000076 -0.000043
-4.739521 -8.452418 -8.112381
1.445951 0.807833 0.538296
-0.116903 0.034286 -0.002797
-0.043430 -0.054309 -0.018585
-0.004766 0.004216 0.004652
0.001073 0.002027 0.000746
0.000334 -0.000370 -0.000270
-0.000045 0.000017 0.000019
-2.558181 -6.713506 -6.791037
-0.039100 0.407994 0.498491
-0.338549 -0.067752 0.038183
0.028982 0.024943 0.015663
0.015241 0.003182 -0.001468
-0.000318 -0.001324 -0.000707
-0.000507 -0.000048 0.000088
0.000045 0.000017 -0.000002
-4.084074 -5.428140 -4.657785
-0.211852 0.494110 0.826708
0.285359 -0.016632 -0.000800
0.029470 -0.038690 -0.023492
-0.015868 -0.006899 -0.001416
-0.000589 0.001164 0.000595
0.000478 0.000314 0.000050
-0.000036 -0.000040 -0.000009
-2.473876 -5.305004 -2.759013
0.852436 -0.689957 0.291432
-0.074105 -0.237253 -0.112038
-0.055676 0.043751 0.015050
0.006430 0.015458 0.005497
0.001198 -0.000794 -0.000289
-0.000283 -0.000528 -0.000147
0.000017 0.000053 0.000014
-1.415944 -7.521728 -2.232920
-0.199754 -0.186896 0.323496
-0.171567 0.394736 0.126640
0.022957 0.031641 0.016942
0.002548 -0.017392 -0.005604
-0.000770 -0.000722 -0.000472
0.000054 0.000537 0.000126
0.000000 -0.000038 -0.000005
-2.709779 -5.380841 -0.421435
-0.580149 1.434332 0.906573
0.018951 0.060118 0.011146
0.016435 -0.068583 -0.037541
-0.001636 0.005248 -0.001572
0.000170 0.002115 0.000816
0.000062 -0.000187 0.000033
-0.000017 -0.000017 -0.000006
-3.712566 -2.577403 1.184932
-0.323427 1.125236 0.485125
0.098509 -0.106573 -0.186394
0.010366 0.022487 -0.012720
-0.001121 0.009730 0.007326
-0.000579 -0.001772 0.000715
-0.000181 -0.000432 -0.000049
0.000055 0.000091 -0.000045
-3.942889 -1.361990 1.491801
-0.065420 1.009751 0.050442
0.113929 0.015457 -0.163243
-0.004893 0.036011 0.026690
-0.005127 -0.004328 0.008011
-0.000271 -0.002184 -0.000906
0.000269 0.000314 -0.000415
-0.000025 -0.000007 0.000058
-3.668860 1.344549 1.186044
0.166067 1.247258 -0.104730
-0.041844 -0.026797 0.070572
-0.025123 -0.051686 0.005523
0.002502 -0.007040 -0.010663
0.000567 0.001452 0.000018
-0.000151 0.000198 0.000545
0.000011 -0.000032 -0.000059
-3.800703 3.384827 1.129115
-0.327913 0.009776 -0.101283
-0.113195 -0.402484 -0.088039
0.003518 -0.010510 -0.008618
0.001410 0.012320 0.008500
-0.000236 0.000136 0.000306
0.000046 -0.000370 -0.000507
-0.000004 0.000032 0.000051
-5.489340 0.624304 0.356344
-0.797418 -1.649156 -0.308338
-0.041597 -0.104452 0.021633
0.011534 0.043224 -0.004065
0.000090 -0.005073 -0.007921
-0.000201 -0.000819 0.000210
-0.000042 0.000258 0.000496
0.000010 -0.000015 -0.000059
-7.173102 -2.856225 -0.306509
-0.841842 -1.732980 -0.440234
0.010605 0.019494 -0.096784
0.003175 0.002665 -0.012189
-0.001563 -0.001930 0.007593
0.000161 0.001023 0.001220
0.000102 0.000048 -0.000329
-0.000016 -0.000024 0.000016
-8.781215 -6.173804 -1.509755
-0.787131 -1.608294 -0.691174
0.018354 0.064516 0.037293
0.004251 0.021934 0.053369
0.001663 0.004564 0.004848
0.000056 -0.000350 -0.001333
-0.000120 -0.000280 -0.000103
0.000011 0.000032 0.000018
-10.570103 -9.421905 -2.075454
-0.537547 -0.720557 0.580575
0.075224 0.247930 0.389721
0.001622 -0.000724 0.006440
-0.002701 -0.008480 -0.011886
-0.000190 -0.000140 -0.000402
0.000088 0.000307 0.000223
-0.000007 -0.000027 -0.000011
-11.574299 -9.957509 1.777758
-0.300171 0.087835 1.947104
-0.015130 0.010140 -0.002496
-0.019169 -0.032626 -0.083084
-0.000304 0.004438 -0.000505
0.000214 0.000734 0.001582
-0.000038 -0.000198 0.000025
0.000005 0.000013 -0.000014
-12.872673 -10.011818 5.579502
-0.789687 -0.162717 0.474576
-0.157359 -0.034613 -0.408937
-0.012662 0.014604 0.010555
0.001807 0.001437 0.013795
0.000347 -0.000529 -0.000195
0.000054 0.000042 -0.000244
-0.000012 -0.000001 0.000014
-15.819156 -10.388974 4.884521
-1.606816 -0.060305 -0.672178
-0.128525 0.068000 0.027357
0.026196 0.008626 0.079511
0.004661 -0.001556 -0.003478
-0.000390 0.000015 -0.002075
-0.000155 0.000032 -0.000013
0.000020 -0.000008 0.000032
-19.046124 -10.227278 4.154799
-1.730828 0.245615 0.050145
0.071291 0.087075 0.277983
0.035945 -0.001434 -0.006486
-0.002431 -0.001432 -0.016180
-0.000639 -0.000171 0.000133
0.000110 -0.000066 0.000408
-0.000009 0.000014 -0.000031
-21.617933 -9.586438 4.878966
-1.248085 0.489768 0.655897
0.191754 0.043272 0.015840
0.009270 -0.018194 -0.081387
-0.004691 -0.003258 -0.002775
-0.000085 0.000024 0.002431
-0.000001 0.000104 0.000045
0.000009 -0.000005 -0.000029
-23.574883 -8.481673 5.476244
-0.413667 0.223920 -0.501705
0.090973 -0.159237 -0.352588
-0.031179 -0.023486 0.016235
-0.001120 0.004129 0.016014
0.001040 0.000959 -0.000664
0.000152 0.000021 -0.000461
-0.000034 -0.000024 0.000047
-24.333155 -8.856439 3.165427
-0.371139 -0.537164 -1.319374
-0.020737 -0.112772 0.034362
0.013138 0.043945 0.066294
0.008738 0.007577 -0.006895
-0.000361 -0.001109 -0.001964
-0.000366 -0.000338 0.000262
0.000040 0.000046 -0.000002
-24.949049 -10.076438 0.748758
0.078165 -0.162469 -0.581856
0.212899 0.222745 0.121894
0.019408 0.010425 -0.045051
-0.008266 -0.012723 -0.008605
-0.000757 -0.000277 0.001585
0.000312 0.000451 0.000221
-0.000024 -0.000038 -0.000033
-23.222218 -9.251363 -1.034497
1.007553 0.473917 -1.079294
0.032833 -0.063158 -0.229825
-0.046074 -0.039659 0.005343
-0.000480 0.006782 0.014338
0.000663 0.001138 0.000054
-0.000139 -0.000278 -0.000408
0.000018 0.000013 0.000032
-21.622360 -8.754905 -3.429105
0.720785 0.069272 -1.559342
-0.192597 -0.121932 0.011820
-0.038515 0.016297 0.073768
0.002187 0.006486 0.002305
0.000322 -0.000941 -0.002195
0.000073 -0.000124 -0.000028
-0.000012 0.000019 0.000026
-21.270853 -8.918865 -6.031935
-0.496738 -0.094461 -0.630362
-0.336708 0.047111 0.349073
0.000146 0.018455 0.006910
0.006471 -0.005598 -0.014224
0.000093 -0.000726 -0.000082
-0.000109 0.000158 0.000358
0.000004 -0.000003 -0.000026
-24.697040 -8.811962 -5.722053
-1.853664 0.062452 0.502977
-0.110735 -0.070205 -0.021696
0.042342 -0.037549 -0.060772
-0.000992 -0.000075 0.005650
-0.000987 0.001426 0.001748
-0.000026 0.000111 -0.000130
0.000022 -0.000038 -0.000017
-28.341995 -9.161982 -5.152352
-1.905158 -0.511814 0.010320
0.047622 -0.186767 -0.160655
0.005992 0.010526 0.019248
-0.006498 0.010253 0.011250
0.000371 -0.000197 -0.000980
0.000266 -0.000397 -0.000352
-0.000042 0.000038 0.000040
-30.902572 -10.171065 -5.361894
-1.794794 -0.874015 -0.231090
0.017511 -0.047500 0.008377
-0.014233 0.047281 0.049236
-0.000202 0.000895 -0.001969
0.000868 -0.001989 -0.002281
-0.000146 -0.000032 0.000039
0.000008 0.000050 0.000055
-33.388985 -11.353291 -5.553141
-1.818417 -0.759186 0.016340
-0.028100 0.109991 0.137716
-0.005454 0.018867 0.003733
0.002338 -0.009131 -0.011547
-0.000028 -0.000233 0.000247
-0.000069 0.000455 0.000569
0.000008 -0.000049 -0.000070
-37.373439 -12.449979 -5.049833
-1.937760 -0.324878 0.337156
-0.016756 0.055220 -0.016890
0.005195 -0.017281 -0.024460
-0.000130 0.002587 0.005953
-0.000203 0.000900 0.000853
0.000042 -0.000277 -0.000474
-0.000003 0.000021 0.000047
-41.464394 -12.980409 -4.525351
-1.955537 -0.193737 0.158555
0.003357 0.035481 -0.032556
0.000870 0.007301 0.007402
-0.000468 0.000620 -0.001184
0.000046 -0.000626 -0.000774
-0.000002 0.000034 0.000215
0.000001 0.000005 -0.000018
-45.998190 -13.164593 -4.299470
-1.941943 0.048361 0.021931
0.001087 0.048979 -0.048283
-0.000094 -0.007695 -0.009923
0.000513 -0.001924 -0.000704
0.000176 0.000362 0.000171
0.000021 0.000108 -0.000080
-0.000009 -0.000019 0.000015
-50.467773 -12.906801 -4.647547
-1.889165 0.129993 -0.388400
0.034903 -0.002042 -0.132783
0.009966 0.001193 -0.012442
0.000205 0.002524 0.001185
-0.000576 -0.000321 0.000701
-0.000129 -0.000206 0.000156
0.000044 0.000038 -0.000038
-53.587846 -12.668041 -5.757080
-1.704251 0.159469 -0.896147
0.057478 0.017480 -0.131242
-0.005411 -0.000430 0.020935
-0.002594 -0.002657 0.007346
0.000850 -0.000087 -0.000074
0.000404 0.000251 -0.000305
-0.000074 -0.000032 0.000032
-56.555270 -12.343933 -7.640854
-1.533452 0.171564 -1.018561
0.063945 -0.015081 0.089962
0.024542 -0.004411 0.047498
0.009523 0.002381 -0.001742
0.000041 0.000442 -0.001145
-0.000551 -0.000155 0.000111
0.000054 0.000011 -0.000001
-59.407143 -11.919258 -9.000000
-0.150013 0.203600 0.200912
0.412949 0.053009 0.255338
0.008989 0.012455 -0.014684
-0.013379 -0.001250 -0.005463
-0.000417 -0.000376 0.000563
0.000496 0.000057 0.000094
-0.000042 -0.000003 -0.000012
-56.722884 -10.612835 -6.694240
1.471696 0.645935 1.055265
0.040766 0.048987 0.031999
-0.037966 -0.013681 -0.011136
0.007935 -0.001686 0.004538
0.000456 0.000146 -0.000027
-0.000401 0.000000 -0.000158
0.000043 0.000010 0.000012
-53.708272 -9.214579 -4.406492
1.408524 0.632950 1.173391
-0.026473 -0.057707 0.043373
0.003999 -0.014705 0.005230
0.000368 0.003049 -0.002044
-0.000627 0.001083 -0.000882
0.000226 0.000151 0.000020
-0.000029 -0.000053 0.000016
-50.935026 -8.200461 -1.869946
1.342365 0.415970 1.283225
-0.008674 0.018162 -0.031804
0.001930 0.048359 -0.034692
-0.000415 0.007940 -0.005067
-0.000352 -0.001633 0.000746
-0.000181 -0.000598 0.000248
0.000033 0.000097 -0.000034
-48.094238 -6.674129 0.345872
1.249106 1.213534 0.583241
-0.070046 0.289852 -0.276028
-0.029648 -0.005725 -0.019773
-0.005356 -0.017291 0.008271
0.000504 0.000130 0.000607
0.000313 0.000870 -0.000269
-0.000047 -0.000122 0.000022
-46.510653 -4.327309 0.580585
0.797035 1.841709 -0.254335
-0.240815 0.084744 -0.251179
-0.037883 -0.069386 0.028768
0.003325 -0.001554 0.006337
0.001104 0.002222 -0.000795
-0.000179 -0.000401 -0.000045
0.000012 0.000037 0.000007
-45.960514 -1.616117 -0.237447
-0.110111 1.650638 -0.748717
-0.340705 -0.196856 -0.066408
-0.003232 -0.049400 0.047125
0.006998 0.005941 -0.000273
0.000068 0.000364 -0.000865
-0.000053 -0.000014 0.000030
0.000000 -0.000003 0.000003
-49.961395 0.594487 -2.080059
-1.493197 -0.405843 -0.001268
0.091201 -0.160355 0.118021
0.059575 0.052745 -0.027924
-0.001666 0.004057 -0.005512
-0.000959 -0.000876 0.000553
-0.000040 -0.000098 0.000098
0.000014 0.000015 -0.000011
-52.371223 -0.554855 -1.940706
-0.144861 -0.122950 -0.167922
0.327488 0.231090 -0.185148
-0.014131 0.024705 -0.030169
-0.009532 -0.008262 0.005166
0.000414 -0.000329 0.000592
0.000216 0.000168 -0.000093
-0.000019 -0.000010 0.000003
-50.241556 1.997256 -5.503699
0.714688 1.138266 -1.517683
-0.067152 -0.016276 -0.015711
-0.000979 -0.037589 0.050131
0.009396 0.002543 0.001481
-0.000197 0.000519 -0.000734
-0.000271 -0.000092 -0.000025
0.000024 0.000005 0.000006
-47.860840 4.631823 -9.000000
1.053946 0.304422 -0.211279
0.181645 -0.159367 0.318365
0.006519 0.006584 -0.003221
-0.007934 0.002205 -0.007119
-0.000079 -0.000189 0.000156
0.000283 0.000020 0.000115
-0.000025 -0.000003 -0.000009
-43.574497 4.460474 -7.434741
1.713459 -0.291146 1.018981
0.010800 -0.026626 0.053230
-0.016365 0.019794 -0.038599
0.005186 -0.000171 0.002051
0.000418 -0.000291 0.000585
-0.000225 -0.000032 -0.000066
0.000015 0.000006 0.000002
-39.545539 3.857260 -5.153420
1.746650 -0.147946 0.799371
0.040788 0.064426 -0.102322
0.012845 0.000621 -0.002131
-0.001821 -0.003341 0.004312
-0.001038 -0.000001 -0.000129
0.000019 0.000073 -0.000035
0.000014 -0.000005 0.000002
-35.107538 3.782317 -3.734982
1.920109 0.015858 0.474388
-0.038772 -0.018005 -0.001862
-0.042992 -0.017313 0.024413
-0.006141 0.000423 0.000742
0.000853 0.000425 -0.000389
0.000246 -0.000014 -0.000001
-0.000029 -0.000003 0.000000
-31.032677 3.323445 -1.709898
0.426007 -0.376493 1.043201
-0.374149 -0.068512 0.153137
0.011619 0.009983 -0.001328
0.012865 0.002101 -0.004955
-0.000107 -0.000390 -0.000355
-0.000353 -0.000077 0.000005
0.000031 0.000013 0.000012
-31.556492 2.262219 1.272030
-0.602791 -0.501973 1.452670
-0.012380 0.004795 -0.032336
0.069478 0.003336 -0.052228
-0.002785 -0.002854 -0.003740
-0.001543 -0.000011 0.001000
0.000141 0.000133 0.000195
-0.000001 -0.000013 -0.000027
-32.214699 0.880260 3.926710
0.350274 -0.552116 0.186241
0.233748 -0.027613 -0.347711
-0.019735 0.000569 0.007867
-0.008647 0.002772 0.012474
0.000642 0.000177 -0.000017
0.000126 -0.000110 -0.000319
-0.000011 0.000008 0.000023
-29.378180 -1.320727 1.660694
0.007949 -0.010452 -0.007279
-0.083624 0.104298 0.078406
0.043240 -0.001259 -0.057593
0.004681 0.001442 -0.007055
-0.001695 0.001196 0.002714
-0.000277 0.000176 0.000495
0.000482 -0.000859 -0.000696
-29.378180 -1.320727 1.660694
-0.007505 0.010443 0.006686
-0.070345 0.104018 0.060675
0.044944 -0.000560 -0.060143
0.003806 0.002038 -0.005643
-0.001760 0.001120 0.002865
0.000061 -0.000428 0.000007
0.000007 0.000034 -0.000027
-28.556939 0.265084 0.374881
0.760281 0.993910 -0.917152
0.145912 0.146635 -0.043710
-0.026682 -0.020312 0.076565
-0.005218 -0.005498 0.006219
0.001321 0.000908 -0.003749
0.000235 0.000407 -0.000642
-0.000073 -0.000081 0.000175
-26.957483 2.301769 -0.961733
0.984614 1.268584 -0.442539
-0.010657 0.017309 0.241694
-0.021682 -0.014338 -0.005157
0.003491 0.005875 -0.023336
-0.000862 -0.000017 0.000652
-0.000653 -0.000585 0.001486
0.000154 0.000096 -0.000223
-25.500945 4.332325 -1.199303
0.793003 1.283933 -0.001970
-0.125339 0.001691 -0.015308
-0.039362 -0.003012 -0.067562
-0.006534 -0.002984 0.006794
0.001047 -0.000528 0.003004
0.001054 0.000477 -0.000992
-0.000174 -0.000065 0.000103
-24.729888 6.497697 -1.505155
-0.006877 1.211175 -0.452943
-0.307715 -0.051385 -0.188126
0.000213 -0.010572 -0.001549
0.018260 0.002059 0.006972
0.001171 0.000369 -0.000846
-0.001030 -0.000303 0.000243
0.000104 0.000039 -0.000037
-25.624535 8.566117 -2.977497
-0.715368 0.949820 -1.024656
0.022073 -0.080626 -0.075910
0.087415 -0.005325 0.037187
-0.001418 -0.001453 0.003126
-0.002686 -0.000121 -0.000907
0.000353 0.000217 -0.000254
-0.000016 -0.000025 0.000043
-26.319414 10.153776 -5.138627
0.322242 0.505015 -0.852411
0.376854 -0.122110 0.120133
0.009982 0.000624 0.004204
-0.011435 0.003499 -0.009398
0.000292 0.000246 -0.000086
0.000112 -0.000160 0.000382
-0.000007 0.000012 -0.000032
-21.954264 10.867529 -7.272030
1.865475 0.101843 -0.717174
-0.021814 0.015687 -0.070105
-0.058012 0.009138 0.010360
0.002759 -0.003343 0.010931
0.000908 -0.000171 0.000131
-0.000049 0.000117 -0.000360
-0.000003 -0.000009 0.000027
-17.445654 11.367600 -9.000000
0.569182 0.110410 0.300576
-0.193443 -0.037857 0.386150
0.030926 -0.004193 0.018427
0.005113 0.002203 -0.011674
-0.000896 0.000113 -0.000544
-0.000127 -0.000089 0.000294
0.000017 0.000007 -0.000019
-16.423474 11.391913 -4.582500
0.357780 -0.039546 1.968662
0.044073 0.003458 -0.011740
-0.016554 0.002601 -0.064665
-0.008989 -0.001673 0.002756
0.000397 -0.000081 0.000925
0.000260 0.000069 -0.000142
-0.000024 -0.000006 0.000009
-15.982684 11.238492 -0.044247
-0.495342 -0.101703 0.530977
-0.295745 -0.031172 -0.322566
-0.007756 -0.002149 0.003987
0.010034 0.001272 0.005637
0.000273 0.000047 0.000053
-0.000273 -0.000056 0.000051
0.000020 0.000005 -0.000012
-19.428883 10.708258 -0.688625
-1.585224 -0.244055 -0.658529
0.001957 -0.012563 0.007677
0.047254 0.001491 0.068545
-0.003622 -0.000896 0.002601
-0.001032 -0.000060 -0.001181
0.000122 0.000044 -0.000194
0.000002 -0.000004 0.000029
-22.961908 9.975558 -1.198270
-1.014730 -0.332665 0.614209
0.130057 -0.026758 0.380266
-0.014537 -0.002201 -0.005927
-0.003542 0.000562 -0.014401
0.001129 0.000113 -0.000035
0.000154 -0.000022 0.000341
-0.000033 0.000003 -0.000023
-24.752985 9.095623 1.670270
-0.646525 -0.450399 1.671731
0.071569 -0.016700 0.007654
0.015862 0.006295 -0.080257
0.007873 0.001414 0.001778
-0.000214 0.000150 0.002153
-0.000355 0.000027 -0.000013
0.000034 -0.000011 -0.000024
-25.473921 8.055359 4.855161
0.264424 -0.314488 0.723229
0.309661 0.095934 -0.255729
0.019053 0.023637 0.030659
-0.009218 0.000272 0.014565
-0.001203 -0.000781 -0.001051
0.000220 -0.000155 -0.000426
0.000007 0.000034 0.000048
-23.215326 8.094426 5.859004
1.476810 0.397580 0.500266
0.091894 0.149626 0.184699
-0.069934 -0.021402 0.049954
-0.002057 -0.006448 -0.011299
0.002678 0.000945 -0.001474
0.000330 0.000399 0.000367
-0.000135 -0.000091 0.000009
-20.933126 8.974744 7.209202
1.304178 0.651202 1.249323
-0.160995 0.008533 0.231440
-0.020372 -0.027217 -0.026918
0.012860 0.003353 -0.008190
-0.001184 -0.000004 0.002420
-0.001153 -0.000601 0.000463
0.000251 0.000142 -0.000155
-19.411766 9.857862 9.383603
0.815954 0.533582 1.709501
-0.166026 -0.087515 0.095491
-0.001809 -0.022509 -0.019628
-0.005258 -0.000550 0.007487
-0.000232 0.000969 -0.000287
0.001374 0.000827 -0.001091
-0.000250 -0.000202 0.000221
-18.579377 10.398875 12.160403
0.264253 0.152719 1.927105
-0.187955 -0.131961 0.049966
0.010590 0.016891 -0.016138
0.009845 0.010687 -0.005394
0.000168 -0.001267 0.000459
-0.001286 -0.001318 0.001255
0.000225 0.000279 -0.000255
-18.530624 10.421954 15.106652
-0.132371 -0.054893 1.943430
-0.063024 -0.009853 -0.025296
0.026373 0.012674 0.001624
-0.005736 -0.010379 0.010290
-0.000734 0.000094 -0.000339
0.001087 0.001619 -0.001432
-0.000169 -0.000300 0.000258
-18.789051 10.329250 17.834599
-0.204571 -0.084073 1.956924
0.004262 -0.016601 0.040199
0.017001 0.005236 0.008317
0.004921 0.009082 -0.009475
0.001396 0.001230 -0.001661
-0.000584 -0.001350 0.001119
0.000043 0.000172 -0.000138
-18.993030 10.231424 21.218370
0.066361 0.046741 1.983410
0.183204 0.109646 -0.063188
0.045990 0.020568 -0.034479
-0.001075 -0.009282 0.001155
-0.001960 -0.002130 0.001418
-0.000078 0.000688 -0.000512
0.000047 -0.000050 0.000060
-18.046160 10.678335 24.427151
1.055183 0.379141 1.473198
0.301973 0.002301 -0.201622
-0.017824 -0.053779 -0.017700
-0.012928 -0.005149 0.001361
0.000420 0.001888 0.000020
0.000515 0.000051 0.000255
-0.000058 -0.000022 -0.000036
-14.502795 10.881924 26.601646
1.729721 -0.458586 0.391681
-0.042749 -0.311490 -0.218959
-0.045203 -0.010372 0.023052
0.008346 0.011101 0.006550
0.001121 0.000093 -0.000458
-0.000414 -0.000310 -0.000324
0.000034 0.000028 0.000045
-10.982195 8.253624 26.742140
1.246523 -1.604881 -0.071956
-0.077209 -0.105218 0.020202
0.024291 0.047988 0.022949
0.002795 -0.000993 -0.005369
-0.000741 -0.001086 0.000157
0.000150 0.000143 0.000411
-0.000040 -0.000002 -0.000084
-9.355728 5.980966 26.723966
1.189580 -1.648829 0.067505
0.038538 0.059867 0.071228
0.028537 0.029398 0.007290
-0.001619 -0.004557 -0.000269
-0.001074 0.000020 0.000243
-0.000231 0.000127 -0.000390
0.000073 -0.000007 0.000069
-7.635551 3.936904 26.958095
1.410508 -1.370768 0.291543
0.105453 0.134890 0.090892
-0.002249 0.010618 -0.000747
-0.008868 -0.001629 -0.003322
-0.000171 0.000761 -0.000286
0.000456 0.000057 0.000259
-0.000051 -0.000022 -0.000037
-5.018118 2.049632 27.683480
1.598545 -0.820805 0.532428
-0.025873 0.198514 0.037136
-0.037679 0.020650 -0.016866
0.000603 0.003531 -0.000835
0.001372 0.000013 0.000136
-0.000153 -0.000204 -0.000176
0.000002 0.000007 0.000032
-2.253286 1.394912 28.717980
1.163495 0.254222 0.454424
-0.162924 0.359827 -0.088972
-0.002950 0.022144 -0.028273
0.005681 -0.006121 -0.001395
-0.000285 -0.001829 0.000577
-0.000132 -0.000113 0.000252
0.000011 0.000081 -0.000044
-0.708240 2.925263 29.093785
0.670625 1.487081 -0.089838
-0.105761 0.283729 -0.210956
0.017680 -0.060520 -0.008633
-0.000634 -0.012398 0.006951
-0.000955 0.002046 0.000464
0.000002 0.000865 -0.000274
0.000036 -0.000184 0.000040
0.070402 5.388387 28.550179
0.453622 1.846316 -0.656890
-0.060893 -0.033515 -0.162833
0.000259 -0.066564 0.030085
-0.003710 0.009834 0.006009
0.000593 0.001685 -0.000169
0.000363 -0.000950 0.000124
-0.000077 0.000119 -0.000043
0.585328 7.808872 27.391132
0.258615 1.465703 -0.869433
-0.074816 -0.193741 0.037290
0.001159 -0.013992 0.061972
0.003809 0.004945 0.004217
0.000413 -0.001348 -0.000948
-0.000405 0.000243 -0.000306
0.000046 -0.000017 0.000042
0.875525 9.977117 26.331865
0.068698 0.555774 0.143040
-0.006923 -0.220007 0.400025
0.006987 0.001282 0.025779
-0.003905 0.001198 -0.012650
-0.000414 0.000092 -0.000907
0.000276 -0.000017 0.000313
-0.000027 0.000000 -0.000012
0.923338 9.760198 30.162279
-0.121972 -0.607025 1.902134
-0.072199 -0.133789 0.005417
-0.005252 0.016135 -0.071444
0.001042 0.000631 0.005516
-0.000755 -0.000136 0.002468
-0.000313 -0.000008 0.000053
0.000106 -0.000002 -0.000098
0.587108 8.674050 32.709770
-0.367540 -0.885608 1.593999
-0.109970 -0.061869 -0.170235
-0.017445 0.016278 -0.001160
-0.003161 -0.000748 0.014764
0.001072 -0.000277 -0.001262
0.000741 -0.000026 -0.000927
-0.000167 0.000004 0.000174
-0.223951 7.314981 34.697047
-0.790039 -0.978115 1.222275
-0.166612 -0.010300 -0.066484
0.005619 0.005288 0.028575
0.010123 -0.003132 -0.004947
0.000195 -0.000329 -0.001692
-0.000944 0.000014 0.000828
0.000144 0.000030 -0.000105
-1.712463 5.831971 36.439072
-1.141224 -1.020447 1.135666
-0.047513 -0.033793 -0.015602
0.032606 -0.014672 -0.001811
-0.003229 -0.001675 -0.002106
-0.001528 0.001181 0.000818
0.000559 0.000323 -0.000267
-0.000054 -0.000069 0.000035
-3.377129 4.249589 38.031773
-1.129139 -1.196106 1.064051
0.036666 -0.070884 -0.037971
0.007637 0.009076 -0.007746
-0.002440 0.009636 -0.000920
0.000966 0.000949 0.000013
0.000017 -0.000377 0.000081
-0.000025 0.000012 -0.000009
-5.039983 2.289257 39.578023
-0.966937 -1.192910 0.876682
0.070760 0.119949 -0.082108
0.012298 0.066403 -0.008847
0.002463 0.004715 0.000956
-0.000145 -0.001991 0.000307
-0.000253 -0.000245 -0.000019
0.000030 0.000049 -0.000007
-6.718740 0.981151 41.105770
-0.404686 0.343772 0.429004
0.150514 0.447521 -0.091760
-0.005305 -0.009524 0.005203
-0.006418 -0.016955 0.000098
-0.000234 0.000108 -0.000706
0.000240 0.000546 -0.000126
-0.000019 -0.000052 0.000035
-7.074124 3.382620 41.620261
-0.058291 1.587940 0.023710
-0.026595 0.050492 -0.132849
-0.037811 -0.081042 -0.025818
0.001115 0.003829 -0.004190
0.001021 0.002055 0.001032
-0.000046 -0.000244 0.000396
-0.000008 0.000004 -0.000072
-7.444894 5.971893 41.085579
-0.440526 1.164753 -0.707529
-0.159541 -0.228436 -0.259599
-0.005705 -0.015003 -0.003931
0.006425 0.011373 0.009547
-0.000003 -0.000259 0.000481
-0.000147 -0.000191 -0.000499
0.000011 0.000015 0.000046
-9.846887 7.734624 37.263792
-1.017148 0.306306 -1.634287
0.009433 0.015795 -0.023761
0.024667 0.037867 0.017348
-0.002564 -0.004099 -0.007007
-0.000545 -0.000976 0.000033
0.000085 0.000109 0.000448
-0.000002 0.000001 -0.000049
-12.122520 9.005046 33.009956
-0.721612 0.720428 -1.678615
0.055957 0.053857 0.015363
-0.012329 -0.030236 0.024665
-0.002575 -0.005389 0.008775
0.000434 0.000813 0.000192
0.000042 0.000124 -0.000428
-0.000006 -0.000016 0.000036
-14.521680 10.645766 29.237566
-0.836801 -0.098328 0.004030
-0.054533 -0.214289 0.436635
0.005896 0.012297 -0.001505
0.003310 0.007795 -0.012713
-0.000257 -0.000555 0.000164
-0.000110 -0.000258 0.000425
0.000012 0.000031 -0.000044
-17.063865 9.243656 32.075382
-0.862952 -0.656559 1.642455
0.036330 0.008880 0.090730
-0.000016 0.008909 -0.038963
-0.003982 -0.006414 0.005601
-0.000099 0.000286 -0.000043
0.000129 0.000358 -0.000449
-0.000011 -0.000047 0.000063
-18.832390 7.861793 35.728878
-0.848160 -0.653095 1.629863
-0.053556 -0.013620 -0.092699
-0.021515 0.003120 -0.034819
0.000031 0.005199 -0.004014
0.000484 0.000358 0.000305
-0.000039 -0.000346 0.000503
0.000002 0.000030 -0.000064
-21.428511 6.411739 38.577995
-1.408029 -0.444327 0.571181
-0.156219 0.116325 -0.297569
-0.001715 0.013503 0.008067
0.003516 -0.005640 0.011950
0.000186 -0.000952 -0.000213
-0.000003 0.000164 -0.000575
-0.000007 0.000001 0.000065
-25.616773 5.970486 38.643989
-1.973413 -0.043504 -0.280297
-0.033750 -0.031029 -0.032611
0.033929 -0.049233 0.026967
0.002109 -0.002422 -0.008779
-0.000702 0.001526 -0.000590
-0.000120 0.000180 0.000523
0.000019 -0.000042 -0.000053
-29.758251 5.231164 37.966110
-1.643219 -0.797466 -0.355903
0.155171 -0.245701 -0.046280
0.008547 0.007499 -0.011096
-0.007218 0.011882 0.002868
-0.000344 -0.000341 0.000901
0.000174 -0.000463 -0.000297
-0.000005 0.000052 0.000024
-32.880608 2.364122 36.835792
-1.130228 -1.400583 -0.571168
0.002832 0.024026 -0.012490
-0.038246 0.035301 0.013734
0.001033 -0.006962 -0.000431
0.001552 -0.000834 -0.000535
0.000093 0.000393 0.000094
-0.000033 -0.000035 -0.000005
-35.929650 -0.598004 35.546468
-1.462028 -1.058690 -0.469369
-0.032785 0.060006 0.035407
0.047899 -0.011340 -0.001414
0.011749 0.000118 -0.001347
-0.001082 0.000630 0.000163
-0.000461 -0.000189 0.000003
0.000052 0.000016 -0.000001
-38.846684 -3.528132 34.329449
0.104090 -0.934293 -0.378335
0.444833 -0.017100 -0.010368
-0.013149 -0.011228 -0.005258
-0.017317 -0.001148 0.000149
0.000664 0.000217 -0.000060
0.000652 0.000143 -0.000027
-0.000074 -0.000019 0.000009
-36.689800 -5.989653 33.304179
1.374296 -1.190927 -0.518460
0.048642 -0.069185 -0.049274
-0.048111 0.006927 -0.004380
0.011044 0.004508 0.001406
0.001223 -0.000022 0.000634
-0.000573 -0.000177 0.000125
0.000048 0.000018 -0.000038
-34.179619 -8.310216 32.196197
1.350345 -1.282626 -0.667283
0.005532 0.035691 -0.001615
0.022281 0.024400 0.027654
0.003776 -0.000809 0.005436
-0.001693 -0.000732 -0.000629
0.000041 0.000048 -0.000355
0.000015 0.000006 0.000048
-31.591618 -10.381108 31.187245
1.594104 -0.967571 -0.339487
0.112747 0.118796 0.179745
0.004759 0.002518 0.022585
-0.006491 -0.003914 -0.007704
-0.000258 0.000172 -0.001202
0.000225 0.000120 0.000249
-0.000018 -0.000013 -0.000007
-27.201493 -12.096908 31.423539
1.897013 -0.499138 0.398432
-0.034196 0.062004 0.016877
-0.031414 -0.007416 -0.060663
0.001069 0.002030 -0.003949
0.000747 0.000253 0.001518
-0.000087 -0.000109 0.000124
0.000002 0.000008 -0.000023
-22.571589 -13.059192 31.307018
1.175943 -0.138868 -0.825354
-0.154512 0.081302 -0.306146
0.006615 0.004500 0.025454
0.002720 -0.001073 0.014271
-0.000396 -0.000201 -0.000351
-0.000044 0.000057 -0.000339
0.000010 -0.000005 0.000029
-20.902270 -13.034184 29.121976
0.725475 0.166048 -1.397864
-0.092193 0.080146 0.044267
0.012006 -0.004875 0.087824
-0.000886 -0.001125 0.000576
-0.000175 0.000079 -0.002059
0.000086 -0.000005 0.000021
-0.000007 0.000001 0.000018
-19.606390 -12.319008 27.103010
0.450437 0.412753 -0.043822
-0.033122 0.020665 0.451247
0.008156 -0.010818 0.007786
0.000741 0.000007 -0.013704
0.000190 0.000173 0.000227
-0.000032 0.000019 0.000311
-0.000002 -0.000003 -0.000028
-18.243172 -11.131047 30.391235
0.573755 0.324638 1.798632
0.081580 -0.023655 0.073605
0.010147 0.005587 -0.047793
-0.002950 0.001944 0.005079
-0.000819 -0.000130 0.000454
-0.000079 -0.000052 -0.000286
0.000029 0.000006 0.000032
-16.683803 -10.475654 34.135542
0.859847 0.348483 1.658328
-0.005526 0.040253 -0.107014
-0.045460 0.010353 -0.016609
-0.007443 -0.001051 0.001187
0.000843 -0.000272 -0.000227
0.000344 0.000030 0.000178
-0.000039 0.000001 -0.000020
-15.453568 -9.176268 37.510452
-0.271798 0.657579 0.875944
-0.376382 0.054287 -0.155650
-0.006989 -0.006251 0.011253
0.014280 -0.000660 0.003985
0.000604 0.000401 -0.000299
-0.000374 0.000056 -0.000187
0.000021 -0.000012 0.000024
-17.956413 -7.329539 38.969007
-1.459569 0.854469 0.434419
0.007688 0.051402 -0.030939
0.085978 0.012823 0.007557
-0.000884 0.003292 -0.004312
-0.002220 -0.000236 -0.000085
-0.000013 -0.000143 0.000216
0.000030 0.000012 -0.000022
-20.368906 -4.934639 39.783989
-0.415969 1.364465 0.256222
0.339526 0.171078 -0.064600
-0.010785 0.008725 -0.006239
-0.014823 -0.005376 0.002269
0.000822 -0.000861 0.000453
0.000462 0.000051 -0.000137
-0.000054 0.000011 0.000008
-19.939970 -0.851459 40.030168
0.492598 1.936822 -0.013487
0.007442 -0.020774 -0.023750
-0.041622 -0.064953 0.013659
0.008771 -0.006254 0.000070
0.001058 0.001137 -0.000493
-0.000429 0.000230 0.000004
0.000032 -0.000028 0.000006
-18.799332 2.892987 40.044998
0.324752 0.047669 0.055100
0.032178 -0.501950 0.003994
0.017395 0.005068 -0.011565
-0.003212 0.014971 -0.001454
-0.000680 -0.000072 0.000648
0.000235 -0.000365 0.000124
-0.000018 0.000030 -0.000023
-17.463210 -0.073348 40.025293
0.607460 -1.627568 -0.072220
0.029599 0.006742 0.014016
-0.006924 0.070408 0.028241
0.001246 -0.006185 0.004308
0.000309 -0.001243 -0.001125
-0.000119 0.000227 -0.000333
0.000010 -0.000011 0.000052
-15.949030 -3.152489 40.295841
0.702632 -0.874719 0.419376
0.023000 0.225983 0.138573
0.002006 -0.007468 -0.022273
-0.000275 -0.006932 -0.013022
-0.000194 0.000719 0.000041
0.000046 0.000056 0.000501
-0.000003 -0.000008 -0.000043
-13.193778 -4.376884 41.214043
0.849570 -0.141008 -0.610495
0.009733 -0.014301 -0.379797
-0.002543 -0.009557 0.005331
0.000103 0.004113 0.015365
-0.000031 -0.000143 -0.000503
-0.000030 -0.000138 -0.000553
0.000005 0.000017 0.000060
-10.823678 -4.903743 37.364651
0.831062 -0.215232 -1.785541
-0.022455 0.000259 -0.018168
-0.006066 0.000638 0.025119
0.000017 -0.001358 -0.010731
0.000296 0.000254 -0.000041
0.000070 0.000186 0.000608
-0.000013 -0.000030 -0.000065
-9.058583 -5.399735 33.176652
0.686012 -0.191502 -1.832321
-0.015108 0.032075 -0.022160
0.014140 0.018238 0.009710
0.003274 0.003620 0.009542
-0.000242 -0.000526 0.001049
-0.000147 -0.000298 -0.000452
0.000022 0.000038 0.000010
-8.105356 -5.546508 30.695257
0.749660 0.018836 -1.735834
0.067760 0.122143 0.128268
0.022728 0.017736 0.059529
-0.000514 -0.004873 0.004943
-0.000582 -0.001465 -0.002269
0.000064 0.000068 -0.000358
-0.000011 0.000031 0.000092
-6.743113 -5.212403 28.573255
1.090778 0.410346 -0.938487
0.146917 0.095395 0.375104
0.008691 -0.034928 0.029616
-0.004055 -0.009859 -0.013313
-0.000528 0.000645 -0.001072
-0.000052 0.000397 0.000622
0.000019 -0.000043 -0.000053
-2.733916 -4.436434 28.736514
1.614748 -0.262325 0.813097
-0.059551 -0.309700 0.146314
-0.059065 -0.015303 -0.046093
-0.002991 0.012516 0.003607
0.001718 0.000261 0.000644
0.000322 -0.000443 -0.000415
-0.000068 0.000053 0.000060
-0.628504 -5.534847 30.164615
1.040637 -1.142073 0.991312
-0.295419 -0.223846 -0.013999
-0.027847 0.045533 -0.027356
0.012857 0.005702 0.001435
0.001375 -0.001207 -0.000260
-0.000397 0.000120 0.000217
0.000015 -0.000017 -0.000031
0.260032 -7.741245 31.622187
0.108414 -1.448147 0.758342
-0.208741 0.043172 -0.119905
0.061008 0.057001 -0.013933
0.010596 -0.001826 0.003295
-0.001668 -0.000967 0.000163
-0.000231 -0.000071 -0.000129
0.000032 0.000021 0.000014
0.488087 -10.448193 32.683559
0.581223 -0.381616 0.039704
0.331247 0.243733 -0.118405
0.023481 -0.020802 0.008284
-0.015111 -0.008045 0.000854
-0.000556 0.001110 0.000166
0.000370 0.000329 0.000129
-0.000024 -0.000049 -0.000023
3.721658 -10.372679 32.252948
1.798066 0.264315 -0.277072
0.033376 0.050479 0.025462
-0.079178 0.001435 0.035951
-0.000842 0.009719 0.002805
0.001886 -0.000291 -0.000806
-0.000038 -0.000519 -0.000262
-0.000011 0.000063 0.000043
6.975325 -9.431581 32.125732
1.021230 0.741050 0.296349
-0.334370 0.193036 0.212339
-0.017461 0.016961 0.004581
0.012761 -0.007186 -0.008988
0.000338 -0.000944 -0.000091
-0.000207 0.000416 0.000375
0.000004 -0.000033 -0.000037
7.634774 -6.299479 34.038652
-0.233449 1.587373 1.025522
-0.032907 0.073504 0.034756
0.072260 -0.028738 -0.023159
-0.000814 0.002166 0.004997
-0.002264 0.000879 0.000575
-0.000131 -0.000179 -0.000288
0.000052 0.000008 0.000022
7.524405 -3.023893 36.116283
0.289284 1.645502 1.047021
0.204160 -0.014434 0.007311
-0.015845 -0.000720 0.006148
-0.016687 0.002370 -0.000283
0.000528 -0.000629 -0.001021
0.000599 -0.000074 0.000021
-0.000065 0.000019 0.000017
8.522035 0.064031 38.151020
0.536951 1.602240 1.075627
-0.128596 -0.014732 -0.021142
-0.070880 -0.006713 -0.022342
0.005276 -0.002938 -0.004782
0.002450 0.000006 0.000505
-0.000262 0.000185 0.000246
0.000001 -0.000021 -0.000033
8.569546 3.342496 40.089611
-0.606295 1.363507 0.579124
-0.277973 -0.100418 -0.200658
0.036826 -0.010607 -0.015132
0.013621 0.002622 0.006459
-0.000883 0.000330 0.000510
-0.000251 -0.000135 -0.000246
0.000023 0.000010 0.000017
5.891111 6.909083 39.839172
0.097229 0.651835 -0.455247
0.424725 -0.069274 -0.025498
0.015179 0.002737 0.013653
-0.014021 -0.001263 -0.004464
-0.000037 0.000175 -0.000133
0.000329 0.000121 0.000187
-0.000025 -0.000016 -0.000017
9.296063 8.279549 38.367774
1.864036 0.339568 -0.582488
0.077349 -0.006345 -0.038675
-0.052708 0.022225 0.000315
0.005343 0.002786 0.002814
0.001184 -0.000574 0.000130
-0.000189 -0.000206 -0.000157
-0.000002 0.000029 0.000015
13.134220 9.165975 37.050327
1.761584 0.612407 -0.654553
-0.061408 0.118612 0.015653
0.007321 0.002898 0.011002
0.004885 -0.007417 -0.001263
-0.001330 -0.000543 -0.000475
-0.000217 0.000211 0.000059
0.000047 -0.000010 0.000001
16.663913 10.853364 35.806999
1.627098 0.866969 -0.521287
-0.032294 -0.056848 0.025273
-0.018572 -0.051031 -0.009214
-0.008211 -0.002375 -0.002146
0.000288 0.001192 0.000325
0.000474 0.000064 0.000068
-0.000051 -0.000014 -0.000009
20.242760 11.799283 34.306541
0.708355 -0.456574 -0.641939
-0.260486 -0.328770 -0.051418
0.008416 0.012274 0.002588
0.012193 0.011010 0.003599
-0.000096 -0.000015 0.000032
-0.000520 -0.000209 -0.000103
0.000058 0.000013 0.000008
20.859806 9.680446 32.807845
0.075578 -1.312487 -0.706459
0.006777 -0.007842 0.040740
0.049460 0.074147 0.020451
-0.004529 0.001039 -0.000386
-0.001248 -0.001470 -0.000539
0.000338 -0.000020 0.000013
-0.000025 0.000012 0.000005
21.494474 7.464204 31.610758
0.595253 -0.335842 -0.282822
0.160602 0.365232 0.116515
-0.000235 0.013985 -0.003225
-0.002762 -0.012188 -0.003410
0.000646 -0.000399 0.000194
-0.000061 0.000177 0.000094
0.000001 -0.000003 -0.000010
24.336888 8.964608 31.517523
1.384987 1.018105 0.116655
0.115631 -0.027299 0.020950
-0.006396 -0.082429 -0.007009
-0.000557 0.000833 0.002454
-0.000304 0.002090 0.000074
-0.000051 0.000119 -0.000108
0.000010 -0.000045 0.000006
27.551876 10.317596 31.819813
1.725237 0.095175 0.184093
0.031409 -0.336008 0.021948
-0.026217 0.003817 0.001456
-0.003942 0.016278 -0.001708
-0.000080 -0.000341 -0.000716
0.000088 -0.000518 -0.000021
0.000002 0.000056 0.000024
30.393318 9.658429 32.176430
1.536320 -0.740322 0.210975
-0.161013 -0.102161 -0.029825
-0.046084 0.070116 -0.025645
-0.000540 0.000724 -0.004611
0.000924 -0.002235 0.000507
0.000110 0.000143 0.000263
-0.000023 0.000008 -0.000035
32.562225 8.176845 32.133438
0.205748 -0.322570 -0.409240
-0.368188 0.202849 -0.227153
0.001510 0.001853 -0.012078
0.009193 -0.010484 0.007240
-0.000032 0.000537 0.000320
-0.000251 0.000263 -0.000290
0.000023 -0.000029 0.000028
30.706556 8.451904 29.281062
-1.209557 0.275021 -1.444765
-0.072076 -0.020038 -0.082573
0.041505 -0.018558 0.025848
-0.002932 0.006030 -0.001193
-0.000362 0.000173 0.000054
0.000212 -0.000306 0.000259
-0.000027 0.000034 -0.000043
28.152408 8.876164 26.085659
-1.066188 0.130170 -1.447192
0.118605 -0.020977 0.094455
0.021897 0.006172 0.036952
-0.001375 -0.001383 0.002420
-0.000184 -0.000497 -0.000734
-0.000184 0.000201 -0.000383
0.000027 -0.000017 0.000055
