PIECE NUM :160, DURATION :340.286137s.
POSITION COEFFICIENT [X, Y, Z]
ROWS :1280, COLS :3.
7.594647 -0.576385 2.558689
0.000000 0.000000 0.000000
0.000000 0.000000 0.000000
0.000000 0.000000 0.000000
-0.025669 0.012068 0.037163
0.008077 -0.004773 -0.012443
-0.000896 0.000571 0.001438
0.000034 -0.000022 -0.000057
5.189294 -1.152769 5.117377
-0.526934 -0.898688 0.245015
0.112145 -0.279173 -0.209660
-0.002430 0.004486 0.022900
-0.010098 0.009527 0.017430
0.000316 -0.000147 -0.000977
0.000425 -0.000290 -0.000742
-0.000049 0.000031 0.000094
4.319478 -4.442953 5.199997
-0.385269 -1.749416 0.172418
-0.074908 -0.041163 0.200343
-0.022344 0.044370 0.042469
0.006651 -0.001870 -0.012639
0.000758 -0.000644 -0.000685
-0.000361 0.000219 0.000785
0.000036 -0.000023 -0.000107
3.294218 -7.562089 6.329982
-0.715506 -1.510405 1.059853
-0.061898 0.153643 0.222709
0.021595 0.026848 -0.018816
0.003007 -0.001672 -0.002330
-0.000700 0.000139 0.000375
0.000098 -0.000078 -0.000593
-0.000025 -0.000002 0.000098
1.946561 -9.649722 8.830230
-0.688797 -0.733323 1.600871
0.078187 0.261423 0.042022
0.022525 0.009372 -0.056718
-0.003780 -0.004644 -0.007677
-0.001384 -0.000844 0.000692
-0.000224 -0.000104 0.000652
0.000096 0.000062 -0.000106
1.203554 -10.158735 10.882236
-0.420364 -0.045224 1.362336
0.093217 0.230180 -0.228175
-0.022131 -0.028385 -0.066238
-0.011040 -0.007917 0.005505
0.000389 0.000627 0.001961
0.000669 0.000473 -0.000334
-0.000080 -0.000066 0.000017
0.383887 -9.610007 12.288227
-0.568997 0.390403 -0.131202
-0.173701 -0.017507 -0.401827
-0.029144 -0.025687 0.015562
0.011275 0.008338 0.009689
0.001499 0.000495 -0.000634
-0.000490 -0.000494 -0.000083
0.000030 0.000049 0.000006
-2.243018 -8.833245 9.819181
-1.209483 0.230425 -1.416451
0.063517 -0.009914 -0.036942
0.065400 -0.001787 0.053693
-0.000573 -0.005411 -0.003379
-0.001852 -0.000251 -0.001073
0.000064 0.000399 0.000027
0.000010 -0.000040 0.000013
-4.026968 -8.518901 6.563065
0.053697 -0.098080 -0.953507
0.293354 -0.113583 0.107455
-0.027503 0.001455 -0.023411
-0.012015 0.007208 -0.006401
0.000565 0.000291 0.001241
0.000245 -0.000330 0.000269
-0.000021 0.000031 -0.000050
-3.087776 -9.072164 4.787502
0.585177 -0.325342 -0.888426
-0.084674 0.040474 -0.057915
-0.072716 0.035289 -0.007541
0.003096 -0.001216 0.008306
0.001737 -0.000982 0.000118
-0.000056 0.000124 -0.000450
-0.000012 -0.000006 0.000047
-3.367740 -9.031677 1.953345
-0.950054 0.467558 -0.918648
-0.246829 0.153880 0.050074
0.052662 -0.014801 -0.004225
0.010835 -0.004512 -0.006385
-0.001389 0.000199 0.000675
-0.000302 0.000011 0.000514
0.000034 0.000016 -0.000077
-5.120842 -8.060113 0.656728
-1.235933 0.774711 -0.848707
0.070634 0.037138 -0.005490
0.072240 -0.033801 -0.006501
-0.005659 -0.000797 0.006856
-0.002497 0.001045 0.001666
0.000054 0.000178 -0.000293
0.000060 -0.000053 -0.000013
-6.672298 -6.867332 -0.672317
-0.627123 0.662961 -0.772631
0.247221 -0.088275 0.102582
-0.008689 -0.010213 0.052540
-0.015029 0.006772 0.007193
0.001186 -0.000069 -0.001812
0.000721 -0.000412 -0.000439
-0.000126 0.000065 0.000088
-7.130088 -6.141322 -1.383978
-0.122839 0.427034 -0.180810
0.101928 -0.071957 0.334808
-0.047532 0.012377 0.047282
0.001699 0.000690 -0.009379
0.002203 -0.000919 -0.002016
-0.000468 0.000201 0.000388
0.000030 -0.000013 -0.000017
-7.551677 -5.137861 1.927426
-0.281231 0.268647 1.787793
-0.050730 0.019180 0.010646
0.003442 0.013165 -0.087945
-0.000508 0.002320 -0.000525
-0.000142 0.000126 0.001766
0.000233 -0.000096 -0.000008
-0.000031 0.000001 -0.000016
-8.577313 -3.952783 5.288461
-0.442428 0.776565 0.348946
0.016452 0.176954 -0.431242
0.021776 0.013046 0.000022
0.002207 -0.005305 0.011814
-0.000945 -0.001218 -0.000664
-0.000334 -0.000073 -0.000298
0.000068 0.000050 0.000046
-9.219874 -1.795451 4.482905
-0.165454 1.375429 -1.056756
0.092177 0.057613 -0.249718
-0.011806 -0.059998 0.046139
-0.008517 -0.008605 0.000381
0.000512 0.001839 -0.000481
0.000585 0.000599 0.000329
-0.000091 -0.000115 -0.000066
-9.318108 -0.264011 3.036891
-0.042202 1.246114 -1.443396
0.005089 -0.174937 -0.091840
-0.032070 -0.064671 0.047452
0.000990 0.007464 0.000630
0.002041 0.002824 -0.000023
-0.000134 -0.000309 -0.000194
-0.000027 -0.000023 0.000029
-9.402580 0.854133 1.335396
-0.135236 0.656100 -1.465297
-0.071220 -0.304894 0.071987
-0.006419 -0.004105 0.045945
0.008618 0.016351 -0.001800
0.000374 0.000070 -0.000559
-0.000352 -0.000493 0.000039
0.000027 0.000040 -0.000000
-10.031811 1.041057 -1.444341
0.017884 0.050581 -0.073530
0.154785 0.185800 0.278439
0.012434 0.039053 -0.009611
-0.008285 -0.011965 -0.005326
-0.000637 -0.000865 0.000082
0.000245 0.000394 0.000029
-0.000012 -0.000027 0.000001
-9.070902 2.640937 -0.081530
0.486752 0.998717 0.849025
-0.068570 0.043199 0.012818
-0.048836 -0.049334 -0.048160
0.001720 0.000339 -0.000567
0.001552 0.001326 0.000669
0.000028 -0.000121 0.000044
-0.000023 0.000001 -0.000011
-8.775083 4.662648 1.390184
-0.328528 0.558526 0.198354
-0.178465 -0.175476 -0.253829
0.034654 -0.004019 -0.016902
0.011741 0.006220 0.006091
-0.000722 -0.000293 0.000066
-0.000353 -0.000110 -0.000130
0.000035 0.000011 0.000012
-9.779493 4.990926 -0.602463
0.324809 -0.164895 -1.291774
0.330261 -0.020854 -0.137772
0.006096 0.014264 0.026790
-0.014026 -0.002534 0.000964
0.000072 0.000025 0.000174
0.000435 0.000143 0.000141
-0.000044 -0.000017 -0.000027
-7.673995 4.631751 -3.799533
1.378833 -0.123096 -1.423025
0.074626 0.034562 0.107716
-0.056974 0.009817 0.051906
0.002127 0.001825 0.003107
0.001359 0.000186 -0.000701
-0.000241 -0.000119 -0.000273
0.000016 0.000008 0.000035
-4.618458 4.717139 -5.863558
1.013293 0.287970 -0.065884
-0.167221 0.147059 0.414631
-0.007482 0.015032 0.008786
0.005216 -0.002156 -0.011645
-0.000226 -0.000542 -0.000406
0.000017 0.000016 0.000314
-0.000001 0.000004 -0.000022
-3.096803 6.348841 -3.886870
0.339439 1.056189 1.484374
-0.065905 0.120483 0.139630
0.032904 -0.027994 -0.065137
0.003425 -0.005461 -0.000081
-0.000120 0.000141 0.001448
-0.000002 0.000079 -0.000057
-0.000023 0.000012 -0.000015
-2.511216 8.341671 -1.226393
0.466358 1.125611 1.439238
0.151805 -0.100214 -0.136796
0.045760 -0.049601 -0.032993
-0.001754 0.001467 0.007239
-0.001550 0.001720 -0.000056
-0.000274 0.000226 -0.000234
0.000069 -0.000084 0.000036
-0.812815 9.848019 0.882983
1.378513 0.359617 0.728965
0.249666 -0.232121 -0.198536
-0.030237 0.016741 0.004660
-0.014614 0.009669 0.002784
0.000640 -0.002168 0.000059
0.000656 -0.000904 0.000254
-0.000095 0.000232 -0.000054
1.231820 9.980877 1.504260
1.764756 -0.106973 0.276463
0.026823 -0.138670 -0.147004
-0.075925 0.015294 0.025110
-0.001614 -0.009262 0.005447
0.002414 -0.001236 0.000185
-0.000187 0.001150 -0.000221
0.000012 -0.000155 -0.000001
3.355545 9.631075 1.683170
1.482962 -0.457126 0.067233
-0.234215 -0.160957 -0.004330
-0.051983 -0.018735 0.046568
0.010013 -0.000503 0.001228
0.001400 0.002268 -0.001534
-0.000080 -0.000226 -0.000232
-0.000033 -0.000008 0.000065
4.929880 8.544866 1.920217
0.601234 -1.021878 0.336861
-0.298173 -0.194397 0.162223
0.027566 0.012231 0.015839
0.013914 0.007964 -0.010367
-0.000870 -0.000111 -0.000573
-0.000429 -0.000307 0.000448
0.000053 0.000036 -0.000048
5.333657 5.947448 3.197521
0.054940 -1.449934 0.861623
0.062005 0.010032 0.039197
0.065484 0.042439 -0.045321
-0.005547 -0.001529 -0.002813
-0.001576 -0.000813 0.000756
0.000310 0.000189 -0.000225
-0.000035 -0.000029 0.000055
5.702303 4.003891 4.371470
0.547174 -1.189456 0.672398
0.244061 0.158072 -0.175490
0.014418 0.023809 -0.051077
-0.010859 -0.004524 0.001318
-0.000405 -0.000442 0.001184
-0.000038 -0.000103 0.000324
0.000039 0.000036 -0.000075
7.189770 2.566401 4.812800
1.250547 -0.590765 -0.211126
0.134220 0.182346 -0.336544
-0.059786 -0.016795 -0.002817
-0.009995 -0.006896 0.012507
0.001316 0.000493 0.000262
0.000396 0.000298 -0.000516
-0.000052 -0.000035 0.000044
9.243317 1.983143 3.678742
1.118925 -0.218418 -1.123619
-0.224940 0.037555 -0.188171
-0.069514 -0.031900 0.051804
0.008303 0.003497 0.001126
0.002327 0.001482 -0.002312
-0.000186 -0.000091 -0.000020
-0.000031 -0.000032 0.000058
10.250327 1.620346 1.512859
0.019083 -0.248715 -1.380308
-0.356757 -0.014441 -0.004298
0.024512 0.015418 0.009093
0.014976 0.006967 -0.009647
-0.001317 -0.001255 0.000828
-0.000546 -0.000458 0.000650
0.000081 0.000078 -0.000106
9.437883 1.260014 -0.915731
-0.780989 -0.098417 -1.436339
-0.074058 0.089592 -0.034523
0.057428 0.002664 0.001557
-0.006288 -0.010381 0.007576
-0.001850 -0.001082 0.000893
0.000444 0.000492 -0.000638
-0.000027 -0.000027 0.000067
8.120587 1.273117 -3.363517
-0.704691 0.019923 -1.399853
0.066492 -0.073475 0.087100
-0.002691 -0.058488 0.035972
-0.007560 -0.003038 -0.000767
0.001005 0.002297 -0.001539
0.000121 0.000177 0.000156
-0.000019 -0.000053 0.000005
6.922192 0.650145 -5.516701
-0.612611 -0.828916 -0.768057
-0.030935 -0.307858 0.203230
-0.015777 0.002670 -0.001930
0.003990 0.015684 -0.005566
0.000905 0.000239 0.000678
-0.000139 -0.000535 0.000229
0.000001 0.000048 -0.000039
5.515669 -2.019822 -6.314483
-0.751238 -1.588011 -0.069743
0.012000 0.012555 0.141008
0.031250 0.079044 -0.004026
0.004995 -0.000744 0.004136
-0.000670 -0.002113 0.000137
-0.000121 0.000147 -0.000318
0.000013 0.000004 0.000036
4.324818 -4.724342 -5.746764
-0.133407 -0.610780 0.617558
0.264390 0.343282 0.176719
0.027696 0.004098 0.000953
-0.006242 -0.011987 -0.003910
-0.000911 0.000195 -0.000353
0.000085 0.000201 0.000244
0.000005 -0.000011 -0.000022
5.659645 -4.500209 -3.343296
1.168005 0.559321 1.295933
0.170851 0.064938 0.083558
-0.055993 -0.057330 -0.015180
-0.007513 0.002271 0.002195
0.000890 0.001706 0.000461
0.000164 0.000008 -0.000132
-0.000014 -0.000048 0.000003
7.738461 -3.628674 -1.051633
1.188399 0.407111 1.493272
-0.170815 -0.116213 0.051123
-0.070510 -0.008311 0.000789
0.004190 0.009169 0.001189
0.001715 -0.000916 -0.000646
0.000004 -0.000543 -0.000094
-0.000022 0.000102 0.000034
8.969692 -3.261199 1.562200
0.181633 0.060441 1.664083
-0.379553 -0.082743 0.043535
-0.001223 0.004968 -0.008689
0.015077 -0.004471 -0.002666
0.000499 -0.000420 0.000360
-0.000249 0.000643 0.000297
-0.000023 -0.000090 -0.000063
8.421489 -3.370612 4.206263
-0.780732 -0.213376 1.716911
-0.174812 -0.100913 -0.008026
0.081202 -0.003059 -0.007152
0.007029 0.003754 0.002623
-0.002954 0.001028 -0.000056
-0.000493 -0.000332 -0.000386
0.000145 0.000048 0.000049
7.174920 -3.883215 6.674180
-0.762925 -0.467010 1.667323
0.164602 -0.050658 -0.026907
0.051853 0.027623 -0.009167
-0.014535 0.005861 -0.004752
-0.000829 0.000264 -0.001241
0.000980 0.000157 0.000115
-0.000156 -0.000106 0.000050
6.551786 -4.463842 8.636251
-0.232854 -0.421969 1.515835
0.233285 0.106544 -0.118563
-0.007870 0.057616 -0.042702
-0.007635 0.004255 -0.006559
0.001471 -0.001892 0.001171
-0.000351 -0.000747 0.000544
0.000047 0.000157 -0.000091
6.672659 -4.659217 10.485590
0.337664 0.279465 0.825585
0.124521 0.328101 -0.333739
-0.035985 0.017470 -0.034839
-0.002841 -0.016650 0.009883
0.000555 -0.001159 0.001741
0.000149 0.000909 -0.000418
-0.000020 -0.000090 0.000023
7.611227 -2.630709 10.591101
0.336049 1.342531 -0.637495
-0.105793 0.057589 -0.211771
-0.018421 -0.064969 0.066602
0.006738 0.003253 0.007301
0.000510 0.001714 -0.001415
-0.000156 -0.000475 -0.000058
-0.000002 0.000050 0.000003
7.851234 -0.678484 9.406630
-0.009617 1.145487 -0.762160
-0.092552 -0.161397 0.135432
0.022582 -0.030074 0.075123
0.004999 0.005942 -0.004941
-0.001012 -0.000215 -0.001794
-0.000182 0.000047 -0.000026
0.000033 -0.000005 0.000035
7.676324 0.861402 8.960124
-0.030587 0.255060 0.494469
0.064669 -0.201406 0.329684
0.007059 0.016820 -0.029537
-0.007065 0.005157 -0.013806
-0.000158 -0.000093 0.001286
0.000314 -0.000028 0.000502
-0.000030 -0.000006 -0.000063
7.909080 0.633516 11.975964
0.034764 -0.064028 1.119353
-0.064338 0.134265 -0.048862
-0.007317 0.040322 0.009435
0.005007 -0.004915 0.013882
-0.000003 -0.001618 -0.001375
-0.000297 -0.000144 -0.000803
0.000054 0.000085 0.000158
7.859246 0.792511 13.250418
-0.116239 0.366908 1.111555
-0.054920 0.209422 0.060423
0.010089 -0.003655 0.040246
0.001943 -0.012572 -0.001741
-0.000535 -0.000200 -0.002482
0.000144 0.000550 0.000487
-0.000018 -0.000055 -0.000035
7.458056 2.403715 16.481446
-0.151470 0.786133 1.749997
0.047586 -0.084284 0.137372
0.016878 -0.050102 -0.023067
-0.000565 0.005260 -0.006525
-0.000583 0.001231 0.000352
-0.000151 -0.000343 -0.000077
0.000034 0.000027 0.000019
7.447544 3.343019 20.251346
0.163067 0.060397 1.835751
0.075418 -0.224747 -0.135164
-0.015922 0.001148 -0.062819
-0.005839 0.004398 -0.002282
0.000493 -0.000661 0.001030
0.000331 0.000028 0.000190
-0.000042 0.000000 -0.000026
7.982117 1.675337 22.965096
0.011727 -1.024603 -0.420321
-0.060510 -0.117536 -0.439676
0.018588 0.010008 0.035766
0.005555 -0.001479 0.014130
-0.001811 -0.000084 -0.000608
-0.000581 0.000035 -0.000368
0.000127 0.000007 0.000042
7.922004 -0.799241 20.828505
-0.029243 -1.420452 -1.397980
-0.015385 -0.086676 0.007626
-0.031619 0.004257 0.089068
-0.011762 0.001719 -0.002335
0.001948 0.000915 -0.001488
0.001205 0.000131 0.000222
-0.000253 -0.000078 -0.000036
7.745318 -2.886794 19.142096
-0.313027 -1.600018 -0.920880
-0.189711 -0.027279 0.317227
-0.028736 0.027945 0.055268
0.012734 0.004632 -0.009549
0.001878 -0.001093 -0.001094
-0.001222 -0.000620 -0.000126
0.000150 0.000130 0.000065
6.824937 -5.234339 18.602573
-0.898499 -1.477458 0.241711
-0.153277 0.097549 0.401390
0.033890 0.012573 -0.023215
0.003326 -0.009110 -0.014321
-0.002060 -0.000557 0.000834
0.000343 0.000739 0.000556
-0.000025 -0.000084 -0.000093
5.189666 -7.298284 19.791287
-1.123321 -1.204219 1.151681
0.000915 0.051792 0.147615
0.025451 -0.019259 -0.069434
-0.003530 0.002255 0.000034
-0.000124 0.002052 0.001277
0.000072 -0.000180 -0.000461
-0.000009 -0.000026 0.000065
3.494492 -9.117574 21.713594
-0.985936 -1.098679 1.118154
0.068801 0.053024 -0.160282
0.003889 0.026306 -0.059404
-0.002975 0.008084 0.001906
0.000115 -0.001040 0.000342
-0.000022 -0.000472 0.000264
0.000007 0.000069 -0.000036
1.679240 -10.876747 22.863222
-0.743466 -0.382551 -0.227502
0.023359 0.258928 -0.406845
-0.015149 0.006199 -0.002174
-0.000695 -0.011677 0.011317
0.000550 -0.000422 0.000261
0.000090 0.000569 -0.000276
-0.000021 -0.000059 0.000025
0.183978 -10.732984 20.957367
-0.801327 0.400904 -1.535168
-0.032782 0.080643 -0.179086
0.003798 -0.046229 0.068659
0.004377 0.001619 0.004542
-0.000104 0.001468 -0.000922
-0.000199 -0.000252 0.000078
0.000024 0.000015 -0.000019
-1.140821 -10.052611 18.346232
-0.818493 0.364625 -1.534400
0.034141 -0.077657 0.185775
0.018411 -0.015487 0.076203
-0.000613 0.005851 -0.002531
-0.000708 -0.000140 -0.001183
0.000074 -0.000083 -0.000132
-0.000001 0.000006 0.000028
-2.646280 -9.668827 16.559883
-0.479721 0.005731 0.169777
0.086193 -0.044837 0.471452
-0.007111 0.016801 -0.011516
-0.003414 0.000487 -0.014789
0.000172 -0.000590 -0.000014
0.000057 0.000017 0.000305
-0.000005 0.000008 -0.000020
-3.474617 -9.706396 19.006997
-0.324864 0.025237 1.532232
-0.036238 0.032696 0.006904
-0.020214 0.001553 -0.093815
0.001066 -0.001464 0.001094
0.000396 0.000565 0.001926
-0.000025 0.000147 -0.000030
-0.000000 -0.000032 -0.000014
-4.505623 -9.482412 21.508501
-0.684173 0.208371 0.488860
-0.105886 0.074559 -0.400162
0.002205 0.020276 -0.011915
0.003535 0.003586 0.014710
0.000060 -0.000674 0.000138
-0.000027 -0.000339 -0.000246
-0.000003 0.000050 0.000008
-6.198727 -8.604258 21.036067
-0.969222 0.758739 -0.808273
-0.013557 0.180784 -0.167063
0.026718 -0.003341 0.076064
0.001741 -0.009453 0.003873
-0.000506 -0.000605 -0.002109
-0.000069 0.000351 -0.000133
0.000013 -0.000021 0.000050
-7.593912 -7.111866 19.702137
-0.819503 1.150438 -0.797131
0.110401 0.039902 0.155278
0.023360 -0.053876 0.051510
-0.002854 -0.004606 -0.010517
-0.000506 0.001556 -0.000911
0.000069 0.000127 0.000398
-0.000002 -0.000024 -0.000029
-8.727312 -4.696945 19.312368
0.077901 0.073030 0.486896
0.095374 -0.225994 0.130842
-0.025471 0.039304 -0.023186
-0.002521 0.013047 0.002442
0.000427 -0.000920 0.000572
0.000030 -0.000391 -0.000240
-0.000002 0.000042 0.000019
-8.384317 -4.939786 21.194338
-0.009214 0.225390 0.870957
-0.114826 0.286700 0.031847
-0.014413 0.040982 -0.013189
0.005146 -0.013002 -0.002761
0.000663 -0.001046 -0.000447
-0.000000 0.000375 0.000110
-0.000020 -0.000017 0.000000
-9.018117 -2.753545 23.130200
-0.443384 1.550210 0.647342
0.006000 0.160634 -0.156741
0.048866 -0.059164 -0.034984
0.004122 -0.002093 0.001113
-0.001589 0.002298 0.001126
-0.000323 0.000105 0.000115
0.000064 -0.000062 -0.000040
-9.504062 0.281901 23.612753
0.058481 1.617963 -0.183520
0.233010 -0.074383 -0.255089
0.011417 -0.008925 0.009465
-0.012881 0.010955 0.008715
-0.000623 -0.000893 -0.000394
0.000499 -0.000686 -0.000392
-0.000041 0.000098 0.000049
-8.414818 3.541380 22.228156
0.749451 1.388647 -0.925807
-0.001081 -0.045440 -0.066625
-0.059668 -0.021635 0.023603
0.001096 -0.012250 -0.005902
0.001769 -0.000022 -0.000614
-0.000136 0.000818 0.000359
-0.000004 -0.000090 -0.000029
-7.298010 6.007247 19.796572
0.011478 0.410701 -1.129299
-0.223655 -0.368622 -0.054701
0.009377 -0.020454 -0.003084
0.008768 0.014585 0.003634
-0.000624 0.001035 0.001094
-0.000200 -0.000669 -0.000119
0.000025 0.000057 -0.000012
-8.086108 5.262300 17.165221
-0.577416 -0.921070 -1.181883
-0.019170 -0.147231 0.089390
0.034440 0.062421 0.046599
-0.003249 -0.001106 0.002800
-0.000753 -0.002019 -0.001644
0.000181 0.000202 -0.000300
-0.000011 -0.000000 0.000058
-9.168996 3.108639 15.462833
-0.346747 -0.889293 -0.248066
0.084867 0.088650 0.263168
-0.001149 -0.001009 -0.022429
-0.002753 -0.008786 -0.015343
0.000466 0.000599 0.000222
0.000007 0.000200 0.000587
-0.000005 -0.000019 -0.000055
-9.591833 0.797362 15.613679
0.005035 -0.888204 -0.237932
0.036496 -0.088762 -0.271326
-0.001926 -0.001351 -0.029420
0.000843 0.008716 0.014906
-0.000258 0.000594 0.000528
-0.000089 -0.000201 -0.000553
0.000018 0.000002 0.000049
-9.420620 -1.410405 13.758210
0.130502 -0.910850 -1.299914
0.008154 0.154641 -0.114041
-0.011386 0.062933 0.049604
-0.001718 0.001118 -0.001389
0.000417 -0.001897 -0.001764
0.000190 -0.000172 0.000209
-0.000033 0.000048 0.000005
-9.223278 -2.143481 10.981597
0.023029 0.367744 -1.298899
-0.044021 0.397645 0.063136
0.004334 -0.006973 0.003379
0.004655 -0.014673 -0.004845
-0.000121 0.000205 0.001231
-0.000278 0.000516 0.000280
0.000036 -0.000054 -0.000057
-9.260593 0.092753 8.521692
0.010565 1.517718 -1.012154
0.045202 0.086113 0.103909
0.010775 -0.062459 0.030301
-0.003449 0.004089 0.008054
-0.000302 0.001656 -0.000569
0.000249 -0.000286 -0.000564
-0.000026 0.000013 0.000069
-9.006265 3.182625 7.233187
0.229352 1.307207 -0.040952
0.043971 -0.118593 0.349355
-0.003491 -0.000046 0.016549
0.001249 0.006679 -0.012626
0.000404 -0.000777 -0.001300
-0.000136 -0.000103 0.000447
0.000010 0.000016 -0.000026
-8.172336 5.836858 8.994010
0.472014 0.947576 1.190131
0.067709 -0.018537 0.017552
0.005503 0.008542 -0.086085
-0.000942 -0.003886 -0.001419
-0.000341 -0.000267 0.002046
0.000035 0.000172 0.000007
0.000002 -0.000014 -0.000017
-6.573174 8.049562 10.870750
0.809155 0.801895 -0.021994
0.046665 -0.068604 -0.393758
-0.011137 -0.012694 0.003727
-0.000786 0.001095 0.015305
0.000463 0.000473 -0.000071
0.000074 -0.000072 -0.000294
-0.000015 0.000001 0.000019
-4.563506 9.437516 9.138837
0.886821 0.373048 -1.132320
0.012178 -0.091692 0.018307
0.009462 0.006429 0.087635
0.003827 0.001386 -0.001079
-0.000252 -0.000367 -0.002033
-0.000176 -0.000048 0.000013
0.000017 0.000012 0.000022
-2.127331 9.907535 7.555237
1.222588 0.050093 0.123584
0.119184 -0.052881 0.372621
0.002579 -0.001389 -0.012382
-0.006108 -0.001538 -0.013826
-0.000678 0.000358 0.000817
0.000118 0.000148 0.000380
0.000003 -0.000025 -0.000045
1.072386 9.730443 9.304015
1.476584 -0.204382 1.176905
-0.077083 -0.041615 0.053559
-0.057392 0.014215 -0.049761
-0.003718 0.003804 0.006074
0.001201 -0.000286 0.001119
0.000161 -0.000243 -0.000335
-0.000028 0.000031 0.000025
3.369303 9.267550 11.988640
0.147003 -0.070776 0.968732
-0.419143 0.082649 -0.065058
-0.011567 0.002435 0.009397
0.011176 -0.005860 0.002642
0.000160 -0.000088 -0.000681
-0.000306 0.000271 0.000085
0.000029 -0.000028 -0.000008
1.114442 9.471982 14.325376
-1.611712 0.106286 0.897090
-0.158812 -0.037083 0.034889
0.054619 -0.013465 0.007503
0.000091 0.003293 -0.002641
-0.000425 0.000116 -0.000516
0.000232 -0.000245 -0.000065
-0.000035 0.000034 0.000028
-2.008069 9.493730 16.073639
-1.650816 -0.096729 1.006113
0.138100 -0.064155 -0.006197
0.055643 -0.002066 -0.025737
0.000329 -0.000608 -0.004649
-0.000333 -0.000186 0.000720
-0.000215 0.000190 0.000292
0.000025 -0.000021 -0.000039
-4.460595 8.784640 18.108802
0.004384 -0.462382 0.428713
0.441640 -0.061678 -0.167443
0.002780 0.011475 0.013354
-0.010394 0.003305 0.010508
-0.000203 -0.000164 -0.000119
0.000232 -0.000187 -0.000401
-0.000015 0.000022 0.000039
-1.789429 7.442657 18.712879
1.722831 -0.435277 0.351801
0.121150 0.061767 0.168980
-0.060981 0.004518 0.035221
0.001620 -0.003897 -0.007698
0.001304 0.000167 -0.000727
-0.000041 0.000229 0.000325
-0.000021 -0.000033 -0.000036
1.329167 6.861847 19.974602
1.670806 -0.236095 1.098589
-0.113312 0.043475 0.205848
-0.020574 -0.003823 -0.018382
0.007172 0.001933 -0.005920
-0.000501 0.000438 0.000339
-0.000299 -0.000177 -0.000123
0.000045 0.000016 0.000025
4.038618 6.572494 22.625400
1.148271 -0.050098 1.530877
-0.144966 0.067698 -0.017177
-0.004893 0.009766 -0.056889
-0.003050 0.000369 -0.003367
-0.000487 -0.000348 0.000830
0.000302 0.000041 0.000209
-0.000024 -0.000003 -0.000026
5.851768 7.165944 25.533276
0.023579 0.520096 0.168644
-0.245826 0.116460 -0.372531
0.003554 -0.002608 0.007102
0.007011 -0.002206 0.012783
0.000561 -0.000196 0.000009
-0.000178 -0.000023 -0.000306
0.000004 0.000012 0.000024
4.798964 8.945715 24.283666
-0.694363 0.884845 -0.903168
0.014781 0.004841 0.005019
0.058706 -0.027191 0.073318
0.000487 -0.000727 -0.001991
-0.001493 0.000926 -0.001555
-0.000109 0.000180 0.000087
0.000029 -0.000037 0.000007
3.927580 10.818004 22.992672
0.181618 0.582350 0.101006
0.239409 -0.056057 0.302923
-0.021397 0.027764 -0.005536
-0.012571 0.007872 -0.009763
0.000593 -0.001066 0.000568
0.000393 -0.000450 0.000202
-0.000042 0.000061 -0.000023
5.054754 12.259422 24.491129
0.535858 0.873347 1.056782
-0.118232 0.150202 0.083581
-0.052216 -0.002854 -0.039326
0.007398 -0.013857 0.002771
0.001489 -0.000627 0.000846
-0.000260 0.000516 -0.000161
0.000004 -0.000036 0.000012
5.445673 14.038808 26.356284
-0.128257 1.100401 1.079073
-0.215141 -0.079085 -0.043640
0.016218 -0.074842 -0.008530
0.009454 -0.003105 0.005059
-0.000928 0.002459 -0.000066
-0.000217 0.000093 -0.000019
0.000029 -0.000041 -0.000009
4.653749 15.348473 28.213791
-0.592943 0.098252 0.949351
-0.013598 -0.405454 0.001901
0.038760 -0.018297 0.020689
-0.003866 0.015273 0.001495
-0.001236 0.000494 -0.000909
0.000161 -0.000446 -0.000132
-0.000001 0.000036 0.000030
3.605017 13.916979 30.362754
-0.364771 -1.311368 1.179748
0.061640 -0.175467 0.075580
-0.018228 0.073662 -0.010200
-0.006534 0.002984 -0.007115
0.000696 -0.001769 0.000148
0.000149 0.000082 0.000302
-0.000019 0.000003 -0.000037
3.052533 11.611899 32.420091
-0.393088 -1.295130 1.240672
-0.092032 0.167904 -0.060239
-0.033888 0.053401 -0.035690
0.002340 -0.007790 0.000561
0.001103 -0.000791 0.001009
-0.000067 0.000116 -0.000127
-0.000007 -0.000001 0.000009
1.775226 10.001382 34.355980
-0.992958 -0.316274 0.682366
-0.174830 0.270297 -0.202895
0.011957 -0.019643 -0.007813
0.007491 -0.009216 0.005501
-0.000213 0.000469 0.000260
-0.000162 0.000103 -0.000002
0.000014 -0.000006 -0.000012
-0.799208 10.185378 34.938707
-1.346162 0.286836 -0.045451
0.039452 -0.022545 -0.097650
0.045352 -0.061273 0.040638
-0.000651 0.000457 0.004307
-0.000934 0.001233 -0.000852
0.000046 0.000020 -0.000177
0.000003 -0.000014 0.000024
-3.270632 9.996725 34.885040
-0.530679 -0.669038 0.238288
0.241594 -0.290676 0.178646
0.000573 0.004092 0.011237
-0.006631 0.010186 -0.009620
0.000051 -0.000198 -0.000470
0.000090 -0.000218 0.000230
-0.000003 0.000020 -0.000012
-3.330193 6.994063 36.357824
0.325693 -1.540554 0.769733
0.058877 -0.003542 -0.051238
-0.038185 0.053749 -0.058605
0.000726 -0.001319 -0.000831
0.001043 -0.000830 0.001411
0.000045 0.000132 0.000027
-0.000018 -0.000013 -0.000016
-2.613940 3.849831 37.147491
0.148667 -0.738866 -0.374489
-0.047513 0.270667 -0.317822
0.023901 0.011761 0.008349
0.008164 -0.006552 0.010749
-0.000642 -0.000582 -0.000247
-0.000270 -0.000098 -0.000247
0.000030 0.000042 0.000016
-2.234113 3.416068 35.391463
0.402487 0.217574 -1.255473
0.191689 0.147987 -0.083959
0.038063 -0.055406 0.054313
-0.005788 -0.006959 -0.001642
-0.001395 0.001620 -0.001838
0.000142 0.000472 -0.000023
0.000004 -0.000114 0.000060
-1.186799 3.850967 33.566220
1.092537 0.263535 -1.217297
0.252519 -0.112424 0.081254
-0.014740 -0.051209 0.014807
-0.011038 0.007406 -0.009329
-0.000020 0.000763 0.000549
0.000179 -0.000672 0.000579
0.000020 0.000118 -0.000120
0.784075 3.882985 32.015062
1.600665 -0.280419 -0.979813
0.069417 -0.245701 0.068089
-0.064762 -0.015507 -0.010970
-0.003837 0.004319 0.000091
0.002326 0.000026 0.000426
0.000373 0.000499 -0.000608
-0.000108 -0.000116 0.000126
2.844853 3.079264 30.828378
1.455579 -0.954428 -0.860638
-0.163938 -0.249264 0.019153
-0.039654 0.017855 -0.017458
0.012423 0.008214 -0.002855
0.001370 -0.000212 0.000172
-0.000617 -0.000560 0.000543
0.000045 0.000086 -0.000082
4.807929 0.789908 29.266494
0.793908 -1.535631 -0.971367
-0.140690 -0.064154 -0.067717
0.038108 0.036921 -0.000681
0.004448 -0.003287 0.008196
-0.002204 -0.000548 0.000561
-0.000060 0.000496 -0.000469
0.000039 -0.000064 0.000048
6.068003 -2.131935 27.283873
0.653658 -1.454686 -1.030029
0.029978 0.100309 0.076423
0.002105 0.030869 0.039259
-0.010464 0.002982 -0.000380
0.000019 0.000274 -0.001181
0.000452 -0.000351 0.000162
-0.000043 0.000033 -0.000008
7.729969 -4.638672 25.713024
0.238637 0.011246 0.124659
-0.180000 0.356050 0.249119
-0.002454 -0.001517 -0.004892
0.010319 -0.009117 -0.003688
0.000281 0.000033 0.000260
-0.000422 0.000323 0.000002
0.000035 -0.000033 -0.000001
7.427328 -1.943836 28.014860
-0.108137 1.447064 1.201276
0.098464 0.081323 0.072609
0.015989 -0.025490 -0.026050
-0.009610 0.003983 0.000062
-0.000634 -0.000438 0.000200
0.000322 -0.000375 -0.000009
-0.000022 0.000063 -0.000000
7.580689 1.142425 30.535448
0.169845 1.512129 1.192006
-0.028226 -0.061449 -0.069737
-0.047575 -0.036431 -0.018841
-0.002754 -0.005233 0.001530
0.001343 0.000423 0.000088
0.000003 0.000517 -0.000010
-0.000010 -0.000063 -0.000000
7.080101 3.907684 32.868752
-0.806182 0.454914 0.588396
-0.297710 -0.290374 -0.145913
-0.003040 0.014463 -0.001036
0.008766 0.013938 0.001641
0.000019 -0.000220 -0.000077
-0.000178 -0.000601 -0.000012
0.000010 0.000064 0.000002
3.546458 3.877903 33.469672
-1.880936 -0.147289 -0.067116
-0.078776 0.080685 -0.108307
0.043966 0.041984 0.009463
-0.002031 -0.009767 0.000657
-0.001366 -0.000920 0.000002
-0.000010 0.000506 0.000023
0.000034 -0.000046 -0.000011
-0.088246 4.050812 33.020812
-1.837992 0.348898 -0.359121
0.049757 0.119945 -0.040738
-0.006855 -0.016975 0.012698
-0.007257 -0.002007 -0.000713
0.001150 0.001373 -0.000564
0.000449 -0.000107 -0.000122
-0.000078 -0.000009 0.000039
-2.907798 4.828231 32.394671
-1.792373 0.603666 -0.424238
-0.020107 0.051853 -0.016631
-0.005933 -0.005935 -0.006854
0.007777 0.003583 -0.004374
0.001324 -0.000108 0.000303
-0.000412 -0.000208 0.000306
0.000015 0.000025 -0.000052
-5.712421 5.886950 31.649823
-1.763444 0.763633 -0.570934
0.081360 0.058587 -0.083739
0.046442 0.003180 -0.014378
0.005061 -0.001540 0.002235
-0.001774 -0.000795 0.000520
-0.000252 0.000060 -0.000259
0.000058 0.000003 0.000035
-8.168129 7.291489 30.443378
-1.106792 0.930209 -0.917004
0.300453 0.021569 -0.114859
0.024468 -0.022276 0.000273
-0.010650 -0.005198 0.001445
-0.000961 -0.000046 -0.000056
0.000417 0.000092 0.000142
-0.000027 0.000012 -0.000015
-9.127372 8.637728 28.813871
-0.189530 0.777328 -1.237077
0.261262 -0.141935 -0.087519
-0.037820 -0.046079 0.014599
-0.006963 -0.000931 0.004006
0.001511 0.001378 0.000493
0.000131 0.000224 -0.000020
-0.000035 -0.000053 -0.000018
-8.933844 9.339858 26.650114
0.298468 -0.016844 -1.321896
0.035142 -0.311730 0.063868
-0.040206 -0.008844 0.047863
0.005305 0.011228 0.004523
0.000830 0.000597 -0.000696
-0.000269 -0.000383 -0.000221
0.000019 0.000026 0.000023
-8.325688 6.538600 24.920996
-0.009836 -1.016308 0.747037
-0.041530 0.106033 0.359084
0.002782 0.031128 -0.041521
-0.001648 -0.009212 -0.013214
-0.000015 -0.000662 0.000689
0.000189 0.000263 0.000353
-0.000027 -0.000013 -0.000032
-8.494603 5.065585 27.244130
-0.166398 -0.533548 1.382810
-0.039168 0.080517 -0.070313
0.003588 -0.033261 -0.082821
0.002011 -0.004319 0.005019
0.000081 0.001332 0.002270
-0.000172 0.000083 -0.000079
0.000021 -0.000020 -0.000024
-9.017839 3.765968 29.332043
-0.222542 -0.724809 0.204000
0.016401 -0.116831 -0.260121
0.004274 0.000980 0.045916
-0.001787 0.009016 0.013954
0.000121 0.000092 -0.001730
0.000178 -0.000255 -0.000479
-0.000024 0.000019 0.000066
-9.428736 1.600099 29.226021
-0.091711 -0.841431 0.107803
0.052445 0.124911 0.188487
0.015970 0.044156 0.022003
0.003386 -0.002873 -0.016307
-0.000272 -0.001239 -0.000477
-0.000232 0.000074 0.000650
0.000025 0.000005 -0.000055
-8.743537 0.900770 30.726746
0.683871 0.404728 0.556942
0.155963 0.155309 -0.110820
-0.019853 -0.046337 -0.024642
-0.008268 -0.007034 0.011889
0.000216 0.000981 0.000948
0.000287 0.000178 -0.000489
-0.000026 -0.000022 0.000034
-6.239030 1.998369 31.681304
0.523269 -0.178782 0.384036
-0.202755 -0.271995 0.154895
-0.016567 -0.003167 0.032835
0.008788 0.011359 -0.008353
0.000212 -0.000046 -0.001281
-0.000287 -0.000288 0.000249
0.000025 0.000025 -0.000007
-6.134271 0.227916 33.680970
-0.329611 -1.024135 1.133845
-0.085460 -0.001723 0.026911
0.028909 0.051558 -0.061692
-0.001797 -0.002540 -0.005150
-0.000889 -0.001173 0.001509
0.000138 0.000136 0.000129
-0.000003 -0.000003 -0.000023
-7.253217 -1.790116 35.693535
-0.426991 -0.307097 -0.027471
-0.005223 0.173079 -0.365776
-0.007349 -0.013531 0.001950
-0.001046 -0.005552 0.013844
0.000824 0.000577 0.000146
0.000073 0.000080 -0.000297
-0.000023 -0.000014 0.000015
-8.324230 -1.856893 34.080058
-0.499082 0.101422 -1.084256
0.010324 -0.011231 -0.000417
0.021668 -0.028206 0.079371
0.004373 0.001535 -0.001655
-0.000737 0.000147 -0.002290
-0.000300 -0.000142 -0.000056
0.000045 0.000020 0.000038
-9.113870 -2.028750 32.340267
-0.035022 -0.377217 -0.154963
0.140899 -0.179775 0.232248
-0.010133 -0.021478 -0.040007
-0.008669 0.000559 -0.015238
0.000403 0.000495 0.001607
0.000457 0.000190 0.000594
-0.000059 -0.000027 -0.000085
-8.763405 -3.895740 32.469795
0.210592 -1.358542 -0.056283
-0.037940 -0.215822 -0.185790
-0.018277 0.025238 -0.039919
0.006877 0.009607 0.013824
0.000438 0.000232 0.000823
-0.000452 -0.000230 -0.000713
0.000051 0.000006 0.000072
-8.539372 -7.080883 31.530327
0.032123 -1.641798 -0.866411
-0.022324 0.127021 -0.153006
0.010913 0.078000 0.029852
-0.001362 0.000131 -0.000333
-0.000710 -0.001984 -0.001734
0.000258 -0.000144 0.000281
-0.000022 0.000043 -0.000009
-8.506598 -9.330440 29.252598
0.013162 -0.270472 -1.231940
0.000920 0.432631 -0.059915
0.000917 -0.006322 -0.003385
0.001104 -0.016403 -0.002777
0.000497 0.000163 0.000996
-0.000066 0.000484 0.000151
-0.000003 -0.000046 -0.000030
-8.392961 -8.020404 25.883668
0.142925 0.986359 -1.534801
0.076444 0.002862 -0.016056
0.017795 -0.074120 0.034663
-0.000394 0.005043 0.007646
-0.000887 0.001494 -0.000499
-0.000125 -0.000301 -0.000358
0.000029 0.000018 0.000039
-7.439545 -6.420607 22.727209
0.630169 0.110894 -0.773156
0.050628 -0.269292 0.317986
-0.039317 -0.000991 0.024373
-0.007876 0.005688 -0.010545
0.000834 -0.000639 -0.000885
0.000361 0.000008 0.000305
-0.000040 0.000003 -0.000016
-6.420257 -8.239120 23.055500
-0.328202 -1.154993 0.658176
-0.269475 -0.119655 0.014194
0.022810 0.021451 -0.062753
0.015253 -0.000337 0.002229
-0.000330 0.000009 0.001554
-0.000489 0.000064 -0.000035
0.000047 -0.000009 -0.000015
-8.012656 -11.352939 24.033607
-0.625625 -1.360406 0.000578
0.203560 0.038085 -0.191225
0.071106 0.025769 0.018978
-0.007767 0.000946 0.010565
-0.001724 -0.000146 -0.000741
0.000293 -0.000086 -0.000289
-0.000010 0.000007 0.000031
-6.993851 -14.402304 23.359222
1.356184 -0.484567 -0.057532
0.265426 0.211191 0.156303
-0.046350 -0.003601 0.010495
-0.003167 -0.006584 -0.010408
0.001734 -0.000443 -0.000113
0.000092 0.000053 0.000359
-0.000050 0.000029 -0.000033
-4.050482 -14.688591 23.704038
1.872201 0.071192 0.386676
0.052414 0.064633 0.052915
-0.021756 -0.047969 -0.038090
0.006912 -0.002481 -0.001007
-0.000502 0.002011 0.001555
-0.000517 0.000414 -0.000042
0.000085 -0.000110 -0.000011
-1.049896 -14.595080 24.299635
1.946940 -0.044143 0.300664
0.002977 -0.104424 -0.086879
-0.012486 -0.005829 -0.011848
-0.004575 0.013668 0.008183
-0.000986 0.000243 0.000615
0.000414 -0.000791 -0.000159
-0.000030 0.000100 -0.000009
2.053931 -14.883916 24.569734
1.765651 -0.226578 0.074266
-0.138011 0.036987 -0.005702
-0.040062 0.045974 0.042108
-0.000588 -0.000756 0.005495
0.001401 -0.001887 -0.001434
0.000072 0.000357 -0.000258
-0.000029 -0.000023 0.000044
4.883237 -14.806182 25.171745
0.730699 0.430473 0.668879
-0.277094 0.217514 0.236060
0.013422 0.005508 0.003794
0.009463 -0.004298 -0.012452
-0.000497 0.000467 -0.000406
-0.000364 0.000004 0.000416
0.000046 -0.000008 -0.000032
5.458321 -12.798951 27.578742
-0.026572 1.340546 1.286297
-0.042737 0.170047 -0.036428
0.032409 -0.015959 -0.063286
-0.005358 -0.002051 0.001391
-0.000589 -0.000352 0.001781
0.000350 -0.000127 -0.000088
-0.000042 0.000038 -0.000003
5.402928 -9.971041 29.447184
0.007887 1.725679 0.659191
0.032215 0.019572 -0.262053
0.000228 -0.042812 -0.007203
-0.002216 -0.003634 0.012566
0.000349 0.000856 0.000652
-0.000175 0.000351 -0.000122
0.000029 -0.000072 -0.000034
5.480270 -7.449140 29.888609
0.079700 1.467843 -0.004364
0.005445 -0.180995 -0.111394
-0.012067 -0.033650 0.069753
-0.002012 0.006236 0.009073
0.000185 0.000547 -0.002114
0.000139 -0.000419 -0.000481
-0.000019 0.000048 0.000079
5.527541 -5.318172 30.147923
-0.106739 0.424127 0.567718
-0.084725 -0.259262 0.304192
-0.007061 -0.002385 0.010494
0.002929 -0.000378 -0.019479
0.000063 -0.000146 -0.000418
-0.000158 0.000313 0.000738
0.000020 -0.000035 -0.000066
4.846460 -5.684760 32.625966
-0.488890 -0.734428 1.351765
-0.072835 -0.226648 -0.057850
0.004498 0.026133 -0.076860
-0.000362 0.007627 0.005601
0.000056 0.000328 0.002587
0.000157 -0.000243 -0.000291
-0.000025 0.000011 -0.000003
3.759023 -7.508002 34.519978
-0.700788 -1.126220 0.630125
-0.037397 0.047734 -0.260118
0.012979 0.067454 0.012243
0.002756 0.001069 0.014198
0.000080 -0.001535 -0.000733
-0.000153 -0.000103 -0.000324
0.000014 0.000028 0.000033
2.054304 -9.085011 35.087883
-0.518917 0.143579 0.174548
0.115215 0.351037 0.130589
0.016359 -0.012088 0.052228
-0.003096 -0.012262 -0.007229
-0.000403 0.000665 -0.001199
0.000089 0.000394 0.000262
-0.000005 -0.000044 -0.000014
1.675182 -6.493959 37.444704
0.215706 1.215993 1.406630
0.069423 0.012991 0.137585
-0.023784 -0.013348 -0.039795
-0.002150 0.009034 -0.003026
0.000204 -0.000552 0.000905
-0.000021 -0.000531 -0.000026
0.000009 0.000080 -0.000004
2.164037 -4.029559 40.450373
0.158248 1.285818 1.450904
-0.106260 0.031982 -0.109093
-0.031085 -0.003060 -0.034381
0.001164 -0.005964 0.003328
0.000718 -0.000261 0.000265
0.000107 0.000579 -0.000081
-0.000023 -0.000072 0.000006
1.774519 -1.259142 42.792931
-0.588640 1.227481 0.652765
-0.191378 -0.062457 -0.232277
0.015943 -0.005228 -0.005317
0.008374 0.006416 0.002620
-0.000100 0.000278 -0.000210
-0.000235 -0.000495 0.000007
0.000020 0.000059 -0.000001
0.197107 0.855852 43.193294
-0.950079 1.073642 -0.216843
0.034513 -0.001224 -0.219804
0.053090 0.013050 0.007607
-0.000242 -0.003399 0.000888
-0.001241 -0.000914 -0.000172
0.000032 0.000283 0.000000
0.000002 -0.000017 0.000008
-1.139614 2.886914 42.081707
-0.344077 1.095306 -0.942073
0.252736 -0.014785 -0.165940
0.013165 -0.014309 0.011775
-0.009663 -0.000885 0.001176
-0.000726 0.001052 0.000437
0.000061 0.000068 0.000109
0.000039 -0.000046 -0.000030
-1.052329 4.562023 40.191495
0.396516 0.955314 -1.347739
0.150039 -0.057248 -0.067923
-0.053725 0.002268 0.032811
-0.007372 0.003545 0.004558
0.002009 -0.000786 -0.000144
0.000504 -0.000447 -0.000229
-0.000104 0.000091 0.000017
-0.191515 6.128097 37.766038
0.378387 0.782845 -1.193932
-0.128494 -0.056531 0.161198
-0.020586 -0.016517 0.040452
0.014058 -0.006609 -0.004411
0.000363 0.000629 -0.001449
-0.000807 0.000708 -0.000012
0.000088 -0.000105 0.000036
