PIECE NUM :342, DURATION :862.656955s.
POSITION COEFFICIENT [X, Y, Z]
ROWS :2736, COLS :3.
1.685701 3.082115 -0.502491
0.000000 0.000000 0.000000
0.000000 0.000000 0.000000
0.000000 0.000000 0.000000
0.005547 0.002513 -0.000159
-0.001363 0.000326 -0.000158
0.000124 -0.000100 0.000027
-0.000004 0.000005 -0.000001
3.059223 5.884660 -1.035201
0.448108 1.248135 -0.256333
0.010576 0.068616 -0.017516
-0.001707 -0.038693 0.009100
0.001430 -0.004354 0.001527
0.000001 0.000565 -0.000035
-0.000051 0.000113 -0.000021
0.000004 -0.000011 0.000001
5.057104 9.246345 -1.507473
0.621749 -0.010706 0.246298
0.027339 -0.270537 0.153553
-0.004361 0.020659 0.011426
-0.001151 0.009055 -0.001745
0.000194 -0.000357 -0.000196
0.000068 -0.000192 0.000007
-0.000009 0.000016 0.000002
7.811153 7.616555 2.199255
0.769991 -0.015407 1.430385
0.071254 0.218199 0.057376
0.018750 0.000041 -0.022676
-0.000541 -0.008864 0.000319
-0.001133 0.000440 0.000611
-0.000176 0.000257 0.000059
0.000043 -0.000030 -0.000017
10.196170 8.607093 5.699139
1.191069 0.697019 1.438048
0.016311 0.051016 -0.010383
-0.050279 -0.023862 0.011600
-0.008653 0.003984 0.004394
0.001496 0.000499 -0.000621
0.000543 -0.000249 -0.000231
-0.000081 0.000022 0.000031
12.303501 10.278431 9.095611
0.402807 0.743517 1.638597
-0.305337 -0.001145 0.078821
-0.000660 0.000332 -0.005843
0.016974 -0.000533 -0.007927
0.000104 -0.000502 -0.000454
-0.000748 0.000102 0.000255
0.000083 -0.000005 -0.000015
12.165088 11.660934 12.318298
-0.374510 0.710100 1.665089
-0.041239 -0.027125 -0.112063
0.067476 -0.009884 -0.054053
-0.002446 -0.000915 -0.002091
-0.002181 0.000307 0.001329
0.000343 0.000042 0.000061
-0.000017 -0.000006 -0.000015
11.949706 13.277239 15.017409
0.445112 0.343738 -0.100017
0.179700 -0.064885 -0.362053
-0.019432 0.011301 0.027074
-0.004997 0.003647 0.011720
0.000817 -0.000049 -0.000374
-0.000003 -0.000082 -0.000254
-0.000003 0.000005 0.000019
15.057915 15.265783 12.420151
0.572801 0.985333 0.002543
-0.071819 0.172338 0.281096
0.009888 -0.009233 -0.015193
0.004393 -0.006970 -0.013067
-0.000291 -0.000312 0.000607
-0.000082 0.000062 0.000330
0.000007 0.000007 -0.000034
16.405655 18.547039 13.630920
0.605558 1.178294 0.528424
0.094781 -0.184942 -0.124647
0.017141 -0.069375 -0.046916
-0.003722 0.000107 0.007691
-0.000610 0.001746 0.000894
0.000042 0.000198 -0.000293
0.000010 -0.000048 0.000021
18.590126 19.447350 13.769152
1.089861 -0.664181 -0.454863
0.032592 -0.409980 -0.177213
-0.032078 0.037648 0.022923
-0.002210 0.014489 0.002853
0.001269 -0.001526 -0.000751
0.000209 -0.000635 0.000074
-0.000058 0.000099 -0.000008
20.420931 17.341440 12.576168
0.931925 -1.555444 -0.832347
-0.098792 -0.084485 -0.037775
-0.005497 0.057054 0.025144
0.007667 -0.009408 -0.001865
-0.000228 -0.001863 -0.000509
-0.000495 0.000570 -0.000028
0.000079 -0.000027 0.000017
21.645519 14.874318 11.272515
0.674640 -1.571970 -0.810482
-0.050287 0.020123 0.034033
0.015631 -0.009021 0.002612
-0.001658 -0.006782 -0.004649
-0.000847 0.002088 0.000070
0.000362 0.000279 0.000152
-0.000036 -0.000067 -0.000017
22.965690 11.481098 9.637621
0.593336 -1.626713 -0.773872
0.001036 0.004827 -0.037733
0.006882 0.033895 -0.016305
0.001664 0.011717 0.000875
0.000304 -0.000774 0.000434
-0.000183 -0.000725 -0.000095
0.000016 0.000091 0.000008
24.435869 8.408693 7.541868
0.770715 -0.814383 -1.124248
0.082020 0.333912 -0.098841
0.009696 0.016057 -0.000967
-0.002515 -0.015707 0.001676
-0.000476 -0.000800 -0.000009
0.000068 0.000721 0.000030
0.000003 -0.000066 -0.000007
26.822125 8.132774 4.268975
1.152177 0.324024 -1.522717
0.035314 0.039634 -0.045126
-0.020170 -0.056941 0.014422
-0.000944 0.005517 0.000526
0.000846 0.001576 -0.000483
0.000114 -0.000395 -0.000095
-0.000033 0.000030 0.000025
29.241909 8.603891 0.976620
1.088342 0.013185 -1.556879
-0.033209 -0.117002 0.008750
0.008063 0.005999 -0.002992
0.004755 0.005451 -0.002617
-0.000790 -0.000667 0.000674
-0.000372 0.000041 0.000278
0.000058 -0.000002 -0.000045
31.605740 8.227611 -2.446246
1.100579 -0.249461 -1.544346
0.006344 0.022048 0.033431
-0.019736 0.028662 0.028643
-0.009183 0.000292 0.008079
0.000238 -0.000343 -0.000266
0.000528 0.000008 -0.000420
-0.000055 0.000000 0.000043
34.006687 8.387424 -5.623459
0.209072 0.553546 -0.212123
-0.242823 0.213129 0.365011
0.019847 0.006214 -0.002339
0.013817 -0.003650 -0.012008
-0.000568 -0.000179 0.000244
-0.000618 0.000010 0.000477
0.000076 0.000005 -0.000055
33.725860 10.780488 -4.458233
-0.156087 1.443309 1.010937
0.108780 0.126994 0.120519
0.039958 -0.030171 -0.037774
-0.009570 -0.002933 0.005084
-0.000614 0.000473 0.000615
0.000611 0.000084 -0.000424
-0.000091 -0.000013 0.000037
33.848236 13.238091 -2.683157
0.341280 1.591033 1.187139
0.169120 -0.035621 0.010145
-0.007329 -0.033160 -0.015645
-0.004061 0.002137 -0.000788
0.000439 0.000590 -0.001465
-0.000388 -0.000059 -0.000017
0.000071 -0.000002 0.000048
34.765402 15.567162 -0.848496
0.756960 1.274683 1.044860
0.067684 -0.143943 -0.127151
-0.037552 -0.009893 -0.048393
-0.005354 0.004243 -0.006311
0.000492 -0.000105 0.000929
0.000399 -0.000086 0.000517
-0.000051 0.000010 -0.000072
36.289822 17.654604 0.260821
0.422938 0.648282 -0.272587
-0.198208 -0.116322 -0.427387
-0.017882 0.012545 -0.008283
0.009967 0.000722 0.014488
0.000567 -0.000182 0.000410
-0.000388 0.000075 -0.000596
0.000032 -0.000010 0.000055
36.106779 18.856269 -3.214636
-0.352403 0.343029 -1.886325
-0.002956 0.015159 -0.080922
0.036252 0.018547 0.044068
-0.003326 -0.000341 -0.007439
-0.000806 -0.000488 -0.000645
0.000222 -0.000112 0.000469
-0.000025 0.000024 -0.000051
35.614727 19.706838 -7.009151
-0.075775 0.560813 -1.905707
0.107169 0.069273 0.031269
-0.000093 -0.007478 0.005414
-0.004888 -0.005264 -0.000060
-0.000176 0.000132 0.000779
-0.000116 0.000217 -0.000227
0.000031 -0.000024 0.000018
35.802765 20.972784 -10.630083
0.173293 0.621921 -1.691608
-0.030931 -0.054936 0.082326
-0.047335 -0.023048 0.010085
-0.004975 0.002349 -0.000732
0.001018 0.000728 -0.000402
0.000315 -0.000117 0.000030
-0.000044 0.000001 0.000006
35.283165 21.954958 -14.209264
-0.853262 0.142677 -1.192841
-0.319663 -0.093335 0.098246
0.003151 0.010673 -0.004613
0.013162 0.001185 0.000313
0.000032 -0.000869 0.000839
-0.000448 -0.000098 0.000138
0.000043 0.000032 -0.000043
32.774446 21.960781 -16.083024
-1.714255 -0.117511 -0.814529
-0.089500 -0.067514 0.136446
0.062470 -0.009657 0.026004
-0.000034 -0.004851 0.005531
-0.001866 0.000323 -0.000747
0.000106 0.000313 -0.000424
0.000010 -0.000041 0.000062
29.773516 21.451839 -16.921507
-1.522438 -0.516059 -0.030504
0.157277 -0.161133 0.297328
0.018667 -0.013299 0.015883
-0.009735 0.004717 -0.009029
-0.000114 0.000928 -0.001182
0.000224 -0.000199 0.000342
-0.000017 0.000009 -0.000018
26.658306 18.867395 -14.992328
-0.917291 -1.207098 1.144859
-0.019673 -0.003847 0.005684
-0.038156 0.044007 -0.066181
0.001663 0.001410 0.000641
0.000855 -0.000925 0.001639
-0.000107 -0.000025 -0.000001
0.000005 0.000006 -0.000018
23.512447 16.398985 -12.917853
-1.568883 -0.419061 0.179816
-0.159536 0.232318 -0.237174
0.008215 -0.004842 0.025040
0.004793 -0.009330 0.010435
-0.000151 -0.000369 -0.001069
-0.000019 0.000094 -0.000337
-0.000009 0.000020 0.000048
20.111711 16.280383 -13.156877
-1.969145 0.151350 -0.268573
-0.029955 0.010257 0.014633
0.032275 -0.066950 0.041990
0.000179 -0.003266 -0.006291
-0.001066 0.002146 -0.001304
-0.000144 0.000352 0.000296
0.000045 -0.000082 -0.000007
16.679968 16.217993 -13.429231
-1.824273 -0.393433 0.004859
0.081041 -0.266072 0.087684
-0.000440 -0.011621 -0.013222
-0.007210 0.016300 -0.005283
0.000402 0.000435 0.001371
0.000419 -0.000673 0.000206
-0.000056 0.000063 -0.000044
12.852584 14.224309 -13.166919
-1.649370 -1.144322 0.165356
-0.002135 0.018256 0.020614
0.000134 0.060290 0.016520
0.006730 -0.004798 0.008385
0.000078 -0.001940 -0.000493
-0.000467 0.000322 -0.000482
0.000055 -0.000010 0.000055
9.140002 12.190021 -12.299246
-1.434900 -0.482011 0.748177
0.100519 0.166064 0.213623
0.005275 -0.018406 0.002728
-0.006162 -0.005417 -0.012149
-0.000195 0.001464 -0.000911
0.000428 0.000164 0.000422
-0.000047 -0.000044 -0.000023
6.766058 11.718805 -10.275859
-1.131157 -0.095655 1.252790
0.043709 0.053896 -0.021597
-0.011565 -0.004649 -0.074952
0.003803 0.006910 -0.003772
0.001158 0.000082 0.002113
-0.000188 -0.000409 0.000114
0.000001 0.000046 -0.000034
4.432281 11.872492 -8.387542
-0.846074 0.308586 0.107624
0.144946 0.141589 -0.398829
0.039877 0.009877 -0.004904
0.002933 -0.004722 0.015213
-0.001264 -0.000451 0.000013
-0.000167 0.000331 -0.000422
0.000029 -0.000032 0.000035
4.055233 13.895440 -10.639484
0.744732 1.030077 -1.216914
0.281763 0.093264 0.027822
-0.041059 -0.000400 0.053152
-0.011716 0.003372 -0.008151
0.000926 -0.000270 -0.001242
0.000421 -0.000310 0.000277
-0.000050 0.000043 -0.000007
5.780078 15.843417 -12.390042
1.187866 1.365160 -0.868049
-0.034275 0.110931 0.131575
-0.068715 -0.001886 -0.010809
0.005035 -0.004677 -0.008222
0.002231 -0.000894 0.001099
-0.000155 0.000182 0.000200
-0.000020 -0.000000 -0.000036
7.363915 18.265083 -13.525610
0.694488 1.611164 -0.620394
-0.214975 0.011461 0.010229
0.003343 -0.039769 -0.027205
0.014112 -0.004847 0.003068
-0.000312 0.000850 0.001079
-0.000375 0.000181 -0.000204
0.000032 -0.000022 0.000010
8.682950 22.205410 -15.924043
0.667513 0.391082 -0.739497
0.226861 -0.242239 0.056462
0.015274 0.032631 0.027098
-0.012251 0.011443 0.000334
-0.000280 -0.000628 -0.000580
0.000378 -0.000327 0.000040
-0.000029 0.000031 -0.000001
12.417136 22.729345 -16.971788
1.394261 0.530591 0.221040
-0.072209 0.268239 0.203238
-0.033243 0.020920 -0.004425
0.007317 -0.012787 -0.004159
0.000852 -0.000414 -0.000085
-0.000256 0.000350 0.000013
0.000015 -0.000026 0.000004
15.387281 25.827597 -15.245351
0.901560 1.550635 0.894539
-0.017243 0.005633 -0.002704
0.034896 -0.058257 -0.042637
0.001435 0.001684 -0.001259
-0.000994 0.001310 0.000720
0.000024 -0.000134 0.000088
0.000004 0.000004 -0.000013
18.214554 29.082146 -13.640399
1.425703 0.719789 0.116265
0.164723 -0.231962 -0.232695
-0.003066 0.007517 0.003203
-0.006602 0.007491 0.008833
-0.000043 -0.000237 0.000182
0.000097 -0.000063 -0.000156
-0.000001 0.000000 0.000004
21.913651 29.776796 -14.261865
1.850183 0.081280 -0.509694
-0.014577 -0.016176 0.007898
-0.043131 0.048835 0.059289
-0.000478 0.000628 0.001058
0.001148 -0.001013 -0.001496
0.000086 -0.000056 -0.000102
-0.000025 0.000017 0.000030
25.606413 30.408474 -14.748451
1.251073 0.657321 0.291088
-0.185740 0.216071 0.267364
0.009048 0.004317 -0.004067
0.009003 -0.008402 -0.011275
-0.000389 0.000035 0.000441
-0.000311 0.000210 0.000385
0.000031 -0.000018 -0.000042
28.171555 33.509957 -12.487889
0.870873 1.396888 1.093968
0.051278 -0.001416 0.007089
0.011835 -0.035240 -0.018790
-0.009058 0.002432 0.008044
-0.000637 0.000591 0.000205
0.000281 -0.000142 -0.000414
-0.000016 0.000011 0.000044
30.477053 36.544304 -9.771219
0.804635 0.939915 1.149656
-0.162818 -0.141798 0.046469
-0.052261 -0.003105 0.005210
0.000565 0.002707 -0.004303
0.001523 -0.000065 -0.000332
0.000010 0.000053 0.000341
-0.000019 -0.000010 -0.000037
30.742262 38.100304 -6.532791
-0.749896 0.330728 1.281717
-0.319911 -0.056276 -0.004242
0.029908 0.023109 -0.001169
0.009692 0.000983 0.003226
-0.001024 -0.000684 -0.000264
-0.000337 -0.000133 -0.000332
0.000045 0.000025 0.000046
27.683768 38.859914 -3.431503
-1.502754 0.371353 1.277736
-0.001562 0.024075 -0.027135
0.022949 -0.015268 -0.024110
-0.009746 -0.006678 -0.006258
-0.000336 0.000429 0.000586
0.000431 0.000286 0.000450
-0.000040 -0.000033 -0.000059
24.098412 39.531136 -0.956299
-1.555685 0.017907 0.617381
-0.071609 -0.169429 -0.211227
-0.016965 -0.013369 0.005139
0.004219 0.007425 0.010961
0.001056 0.000605 -0.000108
-0.000238 -0.000262 -0.000546
0.000013 0.000018 0.000056
19.473851 38.524763 -0.321243
-1.875352 -0.621694 0.102769
0.023998 0.002696 0.021383
0.034933 0.041475 0.008663
0.001429 -0.000312 -0.011267
-0.000874 -0.000912 -0.000554
-0.000007 0.000069 0.000490
0.000007 -0.000001 -0.000038
14.852375 37.621861 -0.393905
-0.932787 0.236345 -0.493001
0.204184 0.191341 -0.260942
-0.012352 -0.010476 -0.016265
-0.005936 -0.005240 0.011095
0.000372 0.000222 0.000964
0.000142 0.000054 -0.000325
-0.000016 -0.000003 0.000016
13.496866 38.949999 -2.823310
-0.387755 0.743363 -1.386163
0.010317 -0.005933 -0.010521
-0.028443 -0.037055 0.074145
0.002702 0.000279 0.003052
0.000482 0.000599 -0.001720
-0.000126 0.000000 -0.000058
0.000008 -0.000005 0.000020
12.276138 40.258381 -5.246037
-0.666826 0.146465 -0.196028
-0.084634 -0.189507 0.398427
-0.000275 -0.003410 0.006736
0.001101 0.005155 -0.012854
-0.000402 -0.000028 0.000057
0.000008 -0.000084 0.000296
0.000005 0.000005 -0.000023
9.396578 39.198470 -2.797265
-1.206366 -0.635755 1.325770
-0.099901 -0.015929 0.006114
-0.003115 0.025362 -0.046493
0.001600 -0.001726 0.006307
0.000821 -0.000497 0.000846
0.000123 0.000033 -0.000211
-0.000033 0.000002 0.000012
6.296215 37.926456 -0.165643
-1.514392 -0.455996 0.987923
0.022678 0.062380 -0.088067
0.050307 -0.005117 0.015145
0.007294 -0.003934 0.004767
-0.000912 0.000174 -0.000713
-0.000385 0.000068 -0.000024
0.000046 -0.000004 0.000005
3.505533 36.836811 2.417660
-0.077612 -0.465134 1.042983
0.400118 -0.080983 0.101565
-0.009639 -0.014910 0.011740
-0.015219 0.003200 -0.004541
0.000259 0.000604 -0.000357
0.000523 -0.000017 0.000066
-0.000051 -0.000008 0.000000
5.335826 34.991130 5.849328
1.057548 -0.854670 1.455308
-0.021449 0.011322 -0.012040
-0.046847 0.040763 -0.036343
0.009924 0.004107 -0.002200
0.001057 -0.000870 0.000721
-0.000423 -0.000170 0.000070
0.000030 0.000022 -0.000011
7.789650 33.647903 9.089105
0.697744 0.207078 0.554052
0.009440 0.275339 -0.238144
0.025438 -0.013038 0.004509
-0.002381 -0.011338 0.007444
-0.001012 -0.000002 -0.000041
0.000184 0.000270 -0.000158
-0.000008 -0.000018 0.000011
11.567688 35.936283 9.202578
0.955896 -0.142930 0.127758
-0.047188 -0.327104 0.138341
-0.012004 0.001568 0.005238
0.003243 0.013161 -0.007086
0.000477 0.000027 0.000036
-0.000067 -0.000267 0.000164
-0.000003 0.000017 -0.000014
13.377491 34.380673 10.038339
0.745631 -1.063910 0.553540
-0.010900 -0.016060 0.017481
0.022479 0.075635 -0.031694
0.002634 0.000739 -0.000048
-0.000690 -0.001770 0.000820
-0.000113 -0.000010 -0.000043
0.000022 0.000017 -0.000002
15.070563 32.734486 10.998952
1.001070 -0.300361 0.286071
0.121061 0.325350 -0.120786
0.009171 0.015946 -0.006182
-0.004941 -0.012976 0.005075
-0.000140 -0.000412 0.000121
0.000203 0.000231 -0.000071
-0.000020 -0.000008 0.000001
18.325033 33.782764 11.053964
1.528354 0.856605 -0.133189
0.059838 0.010512 0.003272
-0.012918 -0.077752 0.030948
0.001401 -0.000455 0.000262
0.000267 0.002072 -0.000856
-0.000149 0.000099 -0.000059
0.000018 -0.000041 0.000020
21.660229 34.982960 11.038027
1.660286 0.073748 0.206946
0.012721 -0.305743 0.126106
-0.004673 -0.001462 -0.001125
0.000203 0.014607 -0.006144
0.000043 -0.000396 0.000221
0.000113 -0.000496 0.000232
-0.000020 0.000055 -0.000027
25.618430 33.790839 12.071634
1.685208 -0.839179 0.563222
0.014107 -0.025886 0.007170
0.007740 0.043283 -0.015657
0.000982 -0.006343 0.003192
-0.000687 -0.001001 0.000281
-0.000215 0.000411 -0.000223
0.000036 -0.000036 0.000023
29.522449 32.092400 13.268405
1.781543 -0.607451 0.483240
-0.020275 0.073972 -0.027443
-0.034589 -0.003170 -0.002856
-0.008720 -0.000793 -0.001398
0.000225 0.000726 -0.000288
0.000351 -0.000154 0.000139
-0.000031 0.000010 -0.000011
33.313461 30.817369 14.315261
-0.037074 -0.180619 0.070719
-0.482943 0.059728 -0.091625
-0.003422 -0.003927 0.002452
0.013134 -0.001500 0.003078
0.000100 -0.000071 0.000031
-0.000364 0.000073 -0.000106
0.000029 -0.000006 0.000008
28.895365 30.590243 13.900740
-1.987639 -0.056138 -0.163266
-0.023941 -0.020319 0.025344
0.036114 -0.001917 0.003597
-0.008592 0.002144 -0.003332
-0.000362 0.000052 -0.000119
0.000318 -0.000060 0.000092
-0.000027 0.000003 -0.000004
24.253876 30.378652 13.602838
-1.897868 -0.084948 -0.143390
0.002845 0.022010 -0.040435
-0.010702 0.008740 -0.014461
0.001410 -0.000865 0.001234
0.000968 -0.000430 0.000733
-0.000132 -0.000007 0.000028
0.000003 0.000008 -0.000014
19.699827 30.360611 12.931058
-1.891352 0.059282 -0.402394
0.046236 0.005769 -0.011449
0.025286 -0.017224 0.030866
0.003087 -0.002986 0.005805
-0.000570 0.000375 -0.000512
-0.000083 0.000119 -0.000202
0.000011 -0.000015 0.000020
15.201154 30.031153 12.694597
-0.897597 -0.440990 0.587285
0.239398 -0.138315 0.297783
-0.003886 0.003941 0.001941
-0.006712 0.005037 -0.010330
-0.000074 -0.000218 -0.000392
0.000138 -0.000185 0.000215
-0.000008 0.000021 -0.000010
14.164593 28.344088 15.527261
-0.142953 -0.855000 1.502742
0.023191 -0.022094 -0.012193
-0.043533 0.013077 -0.072279
0.000562 -0.003305 -0.001304
0.000955 -0.000298 0.001473
0.000004 0.000174 0.000043
-0.000012 -0.000016 -0.000018
13.431876 26.221146 18.145164
-0.614067 -0.906538 0.349850
-0.156154 -0.024045 -0.382859
0.004909 -0.006406 -0.007826
0.006691 0.000362 0.011504
-0.000415 0.000240 -0.000077
-0.000192 -0.000100 -0.000256
0.000022 0.000011 0.000022
10.938098 23.457080 16.626066
-1.040127 -1.144051 -1.171098
0.007419 -0.059047 -0.090462
0.010590 -0.003391 0.050592
-0.005105 0.000473 -0.002518
-0.000175 0.000365 -0.000817
0.000222 0.000115 0.000166
-0.000020 -0.000020 -0.000011
8.806773 20.810528 14.179330
-1.031851 -1.367393 -1.023374
-0.029036 -0.018856 0.124584
-0.012525 0.023874 0.017078
0.001241 0.005318 -0.003587
0.000787 -0.000060 0.000288
-0.000068 -0.000183 0.000011
-0.000005 0.000013 -0.000004
6.272647 18.031054 12.629693
-1.223283 -0.910350 -0.332585
-0.019125 0.241834 0.163007
0.018264 0.039150 -0.001763
0.002907 -0.003860 -0.001144
-0.000670 -0.001104 0.000006
-0.000148 0.000028 -0.000053
0.000024 0.000012 0.000007
3.688228 17.482290 12.642687
-1.020940 0.456691 0.303903
0.087899 0.291526 0.106784
-0.001251 -0.033238 -0.017322
-0.006449 -0.009516 -0.002360
-0.000205 0.000491 0.000009
0.000218 0.000212 0.000053
-0.000015 -0.000019 -0.000002
0.762929 20.143755 13.937101
-1.113051 0.615375 0.254465
-0.149987 -0.247778 -0.128525
-0.019019 -0.037233 -0.019087
0.006075 0.008973 0.003735
0.000721 0.000524 0.000638
-0.000121 -0.000208 0.000013
-0.000003 0.000010 -0.000023
-2.062312 20.246269 13.865041
-1.709271 -0.516731 -0.320290
-0.094337 -0.259245 -0.116332
0.036856 0.027246 0.025227
0.005279 0.004591 0.004658
-0.000969 -0.001146 -0.001074
-0.000165 -0.000074 -0.000302
0.000029 0.000034 0.000055
-4.717500 18.980526 13.214982
-1.699395 -1.081088 -0.472420
0.103680 -0.112422 0.010375
0.040491 0.029874 0.018046
-0.004219 -0.002532 -0.007141
-0.001082 -0.000201 -0.001161
0.000140 0.000282 0.000283
0.000010 -0.000046 -0.000001
-7.121340 16.982749 12.474455
-1.122602 -1.246628 -0.443097
0.204517 0.005857 -0.040076
-0.002185 0.021074 -0.035970
-0.005808 0.000070 -0.005169
0.000894 -0.000076 0.001613
0.000255 -0.000257 0.000271
-0.000050 0.000037 -0.000058
-8.622280 14.663932 11.114285
-0.417275 -1.006121 -1.047451
0.151000 0.091049 -0.224957
-0.000096 -0.001903 -0.001792
0.004394 -0.005742 0.010948
-0.000264 -0.000041 -0.000031
-0.000447 0.000263 -0.000544
0.000060 -0.000024 0.000067
-8.764689 12.778656 7.954697
0.302996 -0.818749 -1.713880
0.158646 -0.024540 -0.043637
-0.019755 -0.018267 0.032228
-0.008768 0.003927 -0.003989
-0.000184 0.001034 -0.000507
0.000459 -0.000098 0.000471
-0.000050 -0.000011 -0.000060
-7.823370 11.021308 4.613892
0.479132 -0.952167 -1.612584
-0.102297 0.008363 0.083999
-0.052043 0.031973 0.021674
0.002814 0.005577 0.002486
0.001206 -0.000984 0.000219
-0.000223 -0.000244 -0.000348
0.000017 0.000036 0.000035
-7.947105 9.260721 1.448616
-0.741164 -0.201952 -0.696763
-0.292861 0.233552 0.241365
0.007056 -0.003884 -0.003186
0.006390 -0.009910 -0.008416
0.000144 0.000244 -0.000293
0.000085 0.000404 0.000282
-0.000023 -0.000047 -0.000023
-11.009293 9.791599 0.863533
-1.637567 0.472358 -0.002512
-0.007664 0.022971 -0.003932
0.072677 -0.029003 -0.049685
0.004659 0.005007 0.001143
-0.001332 0.000466 0.001036
-0.000295 -0.000372 -0.000093
0.000045 0.000041 0.000001
-13.951455 10.797662 0.272213
-0.489037 0.316416 -0.674268
0.419365 -0.064483 -0.223384
0.012940 -0.009363 -0.004455
-0.015147 -0.001801 0.006013
-0.000258 -0.000010 -0.000175
0.000446 0.000305 -0.000077
-0.000036 -0.000032 0.000006
-12.055860 10.853802 -3.901757
1.095200 -0.253455 -1.654660
-0.032154 -0.006219 -0.025536
-0.045532 0.050452 0.027264
0.008062 0.007743 -0.001360
0.000439 -0.001204 -0.000255
-0.000374 -0.000428 0.000069
0.000038 0.000058 -0.000009
-9.860902 11.217379 -8.058776
0.469344 0.869766 -1.343762
-0.145134 0.340062 0.114125
-0.002787 -0.011452 0.005653
-0.000704 -0.015313 -0.003088
0.000136 0.000625 -0.000430
0.000336 0.000657 -0.000091
-0.000049 -0.000090 0.000040
-9.504543 13.816614 -10.189775
-0.083016 1.723095 -0.964510
-0.128328 0.071454 0.054959
0.019696 -0.056782 -0.027321
0.006896 0.004356 -0.002679
0.000265 0.001344 0.001502
-0.000314 -0.000529 0.000434
0.000025 0.000059 -0.000098
-9.888526 16.889724 -11.907309
-0.206623 1.552222 -0.990394
0.089664 -0.132523 -0.026955
0.050671 -0.021713 0.017264
-0.000829 0.002819 0.011982
-0.001389 -0.000326 -0.000499
0.000009 0.000221 -0.000803
0.000016 -0.000028 0.000103
-9.413868 19.542025 -13.874277
0.770925 0.762085 -0.549741
0.270656 -0.179163 0.212651
-0.011126 0.012587 0.008875
-0.009480 0.004795 -0.013612
0.000416 -0.000321 -0.000378
0.000258 -0.000221 0.000821
-0.000027 0.000030 -0.000093
-6.810096 20.543936 -14.233345
1.498970 0.284059 0.066853
0.036446 -0.039762 0.029921
-0.042680 0.017847 -0.032801
0.003350 -0.003490 0.006670
0.001136 -0.000282 0.001224
-0.000145 0.000227 -0.000570
0.000000 -0.000026 0.000054
-3.956599 21.036709 -14.126496
1.306748 0.236788 0.019412
-0.083347 -0.002271 -0.010067
0.006001 0.000199 0.008501
0.006172 -0.000103 -0.000077
-0.000555 0.000245 -0.001112
-0.000140 -0.000138 0.000176
0.000014 0.000021 -0.000003
-1.369737 21.538531 -14.082718
1.189175 0.228062 0.018261
0.040265 -0.003828 -0.014789
0.015927 -0.001352 -0.011025
-0.004667 0.000153 -0.000934
-0.000999 0.000473 0.000845
0.000072 0.000173 0.000126
0.000017 -0.000037 -0.000032
1.277824 22.008200 -14.185144
1.329581 0.262064 -0.128535
-0.035106 0.051406 -0.023451
-0.041830 0.027225 0.019211
-0.005258 0.004858 0.006094
0.001383 -0.000647 -0.000423
0.000314 -0.000354 -0.000331
-0.000053 0.000050 0.000041
3.612949 23.275829 -14.262214
0.506719 0.992862 0.221404
-0.262121 0.233690 0.167545
0.007608 0.000424 0.012354
0.012997 -0.009363 -0.007610
-0.000178 0.000037 -0.000437
-0.000540 0.000454 0.000329
0.000056 -0.000058 -0.000031
3.791803 26.363940 -13.028761
-0.127096 1.722807 0.835917
0.013104 0.067545 0.066327
0.044842 -0.031714 -0.031156
-0.007197 0.002194 -0.000230
-0.001714 0.000167 0.000771
0.000304 -0.000434 -0.000144
-0.000007 0.000067 0.000013
3.776475 29.608610 -11.438622
0.137264 1.673722 0.784596
0.055119 -0.099142 -0.082398
-0.031844 -0.037235 -0.019478
-0.009053 -0.003641 0.002301
0.001136 0.000193 0.000076
0.000208 0.000438 0.000019
-0.000028 -0.000051 -0.000004
3.700025 32.593826 -10.178925
-0.520842 0.380691 0.139347
-0.288014 -0.329801 -0.125294
-0.019394 0.011167 0.009284
0.009898 0.011847 0.002436
0.000434 -0.000281 -0.000270
-0.000297 -0.000499 -0.000063
0.000021 0.000056 0.000008
0.261890 31.876754 -10.464360
-1.809701 -0.577184 -0.246498
-0.097426 -0.004949 -0.020941
0.040882 0.024693 0.006566
-0.002450 -0.008224 -0.002296
-0.001156 0.000221 0.000011
0.000103 0.000560 0.000097
0.000008 -0.000085 -0.000011
-3.317293 30.844866 -10.991720
-1.861200 -0.484036 -0.306739
0.027729 0.038243 -0.019293
-0.001670 0.008298 -0.002191
-0.005800 0.003779 0.000420
0.000669 0.000128 0.000275
0.000216 -0.000576 -0.000051
-0.000031 0.000078 0.000002
-6.563280 30.181123 -11.597573
-1.858206 -0.225060 -0.377598
-0.032231 0.104063 -0.014759
-0.008395 0.002172 0.004300
0.004324 -0.006966 0.000790
0.000962 -0.000859 -0.000153
-0.000161 0.000390 -0.000030
-0.000002 -0.000033 0.000006
-9.905201 30.047729 -12.275757
-1.926640 0.001375 -0.381647
0.031291 -0.014824 0.012154
0.033427 -0.041795 0.004073
0.004989 -0.002693 -0.000707
-0.000852 0.001138 -0.000052
-0.000185 -0.000009 0.000049
0.000025 -0.000004 -0.000006
-14.029406 29.219168 -13.143053
-1.005821 -0.870515 -0.274225
0.280090 -0.267221 0.025944
0.002427 -0.002934 0.001591
-0.009518 0.008503 0.000179
-0.000195 0.000377 -0.000075
0.000269 -0.000088 -0.000052
-0.000022 -0.000005 0.000006
-15.086657 25.842075 -13.636943
-0.079196 -1.719525 -0.141121
0.038398 0.006095 0.017887
-0.051489 0.070623 -0.008047
0.000693 0.003149 -0.002149
0.001006 -0.001456 -0.000056
-0.000102 -0.000166 0.000055
0.000004 0.000030 -0.000001
-15.921432 22.544868 -14.164604
-0.771730 -0.309139 -0.371362
-0.219336 0.385317 -0.115063
-0.001949 -0.013721 -0.015997
0.006018 -0.013946 0.002267
-0.000007 0.000543 0.000629
-0.000021 0.000409 0.000029
-0.000004 -0.000040 -0.000012
-19.537841 23.800755 -16.242619
-1.553155 0.752837 -1.011126
0.017100 -0.038016 -0.016915
0.047622 -0.033018 0.046498
0.000405 0.010942 0.005244
-0.000997 0.000715 -0.000869
-0.000096 -0.000389 -0.000205
0.000021 0.000028 0.000026
-22.980791 25.649204 -18.055483
-0.566118 0.673269 0.177713
0.189344 0.114662 0.333522
-0.029688 0.030916 -0.005248
-0.008040 -0.004751 -0.011044
0.001150 -0.001110 0.000291
0.000336 0.000185 0.000335
-0.000045 -0.000005 -0.000033
-23.981965 28.927472 -15.381801
-0.370129 1.472029 1.279628
-0.026346 0.040796 0.009423
0.029374 -0.040762 -0.026606
0.012615 -0.001733 0.007065
-0.001066 0.001200 0.000146
-0.000586 0.000076 -0.000351
0.000074 -0.000023 0.000040
-24.345751 32.216869 -12.380324
0.375462 1.061212 1.163475
0.307459 -0.145637 -0.026065
0.010704 0.007921 -0.001548
-0.015040 0.008244 -0.002257
-0.000377 -0.000504 -0.000015
0.000680 -0.000309 0.000329
-0.000064 0.000034 -0.000041
-21.385520 34.544120 -9.390847
1.397806 0.797358 0.979462
0.000921 0.036243 0.006867
-0.026835 -0.001925 0.028090
0.010213 -0.008970 0.004552
0.000416 -0.000066 -0.001288
-0.000586 0.000361 -0.000480
0.000066 -0.000028 0.000083
-17.978519 36.443897 -6.486284
1.387713 0.534928 1.432020
0.039583 -0.170719 0.076021
0.008636 -0.021789 -0.043670
-0.003380 0.008547 -0.011482
0.000279 0.001649 0.002307
0.000568 -0.000132 0.000961
-0.000126 -0.000065 -0.000210
-15.785467 36.841863 -4.344509
1.542326 0.021004 1.294972
0.065298 -0.117795 -0.158321
0.010617 0.046219 -0.032768
0.002949 0.008717 0.013519
-0.000591 -0.002637 0.001037
-0.000761 -0.000819 -0.001243
0.000142 0.000190 0.000190
-13.159568 36.783333 -2.751305
1.824669 0.020569 0.745410
0.095105 0.090093 -0.147808
-0.014165 0.012983 0.021959
-0.010633 -0.016565 0.001488
-0.000428 -0.000539 -0.000824
0.000796 0.001265 0.000848
-0.000096 -0.000174 -0.000151
-10.224621 36.992142 -1.862767
1.881255 0.182596 0.474809
-0.088113 -0.030624 -0.010881
-0.050597 -0.043618 0.043774
0.002115 0.002113 0.005936
0.002127 0.002484 -0.000547
-0.000244 -0.000612 -0.000788
0.000003 0.000054 0.000119
-7.424080 37.029602 -0.799432
1.229099 -0.213333 0.887508
-0.234176 -0.155167 0.229142
0.004212 -0.000615 0.023301
0.010067 0.005850 -0.012632
-0.000249 -0.000473 -0.001129
-0.000208 0.000049 0.000677
0.000014 -0.000009 -0.000059
-5.407433 35.688380 2.783573
0.621874 -0.714330 1.757155
0.045889 -0.001899 0.026200
0.042909 0.031191 -0.042382
-0.005099 -0.000547 0.004554
-0.001531 -0.000947 0.001216
0.000039 -0.000112 -0.000367
0.000021 0.000029 0.000028
-3.456281 34.337855 6.587241
1.087685 -0.402251 1.486728
0.041595 0.074232 -0.090037
-0.053862 -0.022106 0.001899
-0.010569 -0.007942 0.001412
0.001359 0.000718 -0.000738
0.000382 0.000355 0.000082
-0.000049 -0.000042 -0.000002
-1.596651 32.969498 10.196921
-0.327247 -0.791760 0.980748
-0.434660 -0.146377 -0.102234
0.003658 0.016582 -0.007652
0.015398 0.011570 -0.000253
-0.000716 -0.000520 0.000414
-0.000620 -0.000496 0.000049
0.000094 0.000064 -0.000020
-3.378084 31.303079 11.570077
-1.565374 -0.962452 0.564870
-0.223916 0.079162 -0.124590
0.053881 0.049225 0.002215
-0.001764 -0.003898 0.001953
-0.001143 -0.001609 -0.000337
0.000539 0.000290 -0.000191
-0.000081 -0.000028 0.000053
-6.028852 30.182583 12.146862
-1.907532 -0.482165 0.222956
-0.017887 0.211097 -0.105858
0.039664 0.004910 0.002869
-0.001743 -0.009443 -0.000815
-0.000103 -0.000316 0.000406
-0.000305 0.000000 0.000358
0.000051 0.000028 -0.000067
-9.411463 29.929549 12.222999
-1.640044 0.100149 -0.109121
0.129626 0.035845 -0.047900
0.005266 -0.064368 0.028798
-0.007070 -0.006036 0.006455
0.000185 0.001730 -0.000460
0.000357 0.000367 -0.000514
-0.000041 -0.000062 0.000065
-12.607893 29.525133 12.171925
-1.180119 -0.745176 0.254346
0.058646 -0.318878 0.172209
-0.002434 0.001846 0.001489
0.006132 0.016616 -0.011925
0.000556 -0.000166 -0.000249
-0.000303 -0.000639 0.000544
0.000020 0.000070 -0.000055
-14.568224 27.170267 13.141691
-0.819960 -1.563112 0.644363
0.166144 -0.049788 -0.015981
0.031729 0.066454 -0.048689
-0.000181 -0.002692 0.001881
-0.001391 -0.002158 0.001786
-0.000040 0.000288 -0.000186
0.000023 -0.000010 0.000001
-15.332598 24.240795 14.057997
0.128033 -1.160272 0.152533
0.244539 0.174378 -0.163086
-0.020428 -0.001934 0.009830
-0.010113 -0.009546 0.008786
0.000096 0.000534 -0.000402
0.000283 0.000152 -0.000173
-0.000021 -0.000013 0.000014
-13.880120 20.870272 14.017832
-0.190787 -1.030490 0.368625
-0.284912 -0.116538 0.184220
-0.000812 0.007855 -0.004944
0.011760 0.008992 -0.009004
-0.000167 -0.000019 0.000109
-0.000306 -0.000200 0.000216
0.000030 0.000014 -0.000018
-15.276125 18.498707 15.350959
-1.027387 -1.140853 0.799118
-0.068463 0.111789 -0.018033
0.054481 0.054778 -0.048102
-0.000081 0.000408 0.000216
-0.001293 -0.001276 0.001181
0.000121 -0.000006 -0.000041
-0.000005 0.000011 -0.000007
-17.465048 17.076921 16.590046
-0.584262 0.161777 0.062933
0.194064 0.359655 -0.225191
0.007057 -0.003257 0.002782
-0.007542 -0.009988 0.007619
-0.000153 -0.000006 -0.000216
0.000038 0.000183 -0.000154
0.000007 -0.000010 0.000013
-17.889126 19.643591 15.480463
0.030111 1.375374 -0.646925
-0.064331 0.005103 0.007308
-0.058532 -0.057987 0.032255
-0.000709 0.003173 -0.003387
0.001497 0.001401 -0.000727
0.000164 -0.000011 0.000091
-0.000038 -0.000020 0.000001
-18.773954 22.290216 14.299625
-0.989756 0.807030 -0.332798
-0.291819 -0.156665 0.074635
0.016129 0.022329 -0.013567
0.013317 0.009827 -0.003930
-0.000441 -0.000980 0.000684
-0.000446 -0.000335 0.000114
0.000044 0.000040 -0.000017
-23.078716 24.240873 13.524000
-1.492002 0.832727 -0.316957
0.130660 0.109859 -0.027775
0.023562 -0.012061 0.011624
-0.011902 -0.012596 0.005539
-0.000382 0.000298 -0.000424
0.000453 0.000481 -0.000240
-0.000039 -0.000046 0.000026
-26.594431 26.719076 12.866094
-1.054446 0.374969 0.047115
-0.053621 -0.248602 0.100699
-0.018309 -0.004526 -0.017192
0.006853 0.013567 -0.008573
0.000345 0.000191 0.000251
-0.000373 -0.000492 0.000314
0.000036 0.000043 -0.000030
-30.046825 26.403053 13.032378
-1.341187 -0.233690 -0.253813
-0.022106 0.096712 -0.211246
-0.000609 0.037681 -0.019051
-0.004327 -0.008841 0.009019
0.000085 -0.000982 0.000581
0.000342 0.000354 -0.000275
-0.000036 -0.000024 0.000019
-34.164123 26.770589 10.765644
-1.602599 0.403240 -1.135946
-0.024407 0.020556 -0.002314
0.031376 -0.033434 0.046738
0.009463 0.001101 -0.000983
-0.000138 0.001076 -0.000952
-0.000368 -0.000111 0.000095
0.000032 0.000001 -0.000002
-37.862782 27.536774 8.284392
0.053329 -0.012494 -0.087230
0.461265 -0.030883 0.200629
0.002506 0.024927 -0.012667
-0.013248 0.001980 -0.003810
0.000025 -0.000865 0.000440
0.000384 -0.000079 0.000042
-0.000034 0.000017 -0.000006
-34.336090 27.824989 9.303914
1.857193 0.309722 0.570435
0.069991 0.056284 0.018424
-0.041835 -0.024229 -0.013852
0.007280 -0.005725 0.002544
0.000588 0.000906 0.000013
-0.000322 0.000276 -0.000089
0.000025 -0.000040 0.000010
-30.561296 28.425391 10.443570
1.864653 0.168696 0.547902
-0.019662 -0.114770 -0.017042
0.002449 -0.012232 -0.001449
0.000863 0.008611 0.000230
-0.001175 0.000837 -0.000185
0.000027 -0.000287 0.000056
0.000017 0.000013 -0.000004
-26.829052 28.346981 11.482043
1.756186 -0.141508 0.461832
-0.063534 0.032197 -0.023977
-0.024487 0.051837 0.000080
-0.004302 0.002930 0.000773
0.000667 -0.001574 0.000184
0.000273 -0.000105 0.000004
-0.000039 0.000027 -0.000009
-23.245459 28.986633 12.546752
0.917424 0.871198 0.416642
-0.224360 0.276782 0.019886
0.006851 -0.015114 0.008539
0.008035 -0.011852 -0.001442
-0.000490 0.000451 -0.000922
-0.000425 0.000371 -0.000149
0.000059 -0.000039 0.000044
-22.153821 31.594479 13.482462
0.260516 1.507590 0.467631
-0.091009 -0.003145 -0.046383
0.015831 -0.053901 -0.039878
-0.006015 0.004217 -0.007217
-0.000607 0.001607 0.001037
0.000405 -0.000181 0.000472
-0.000039 -0.000007 -0.000067
-21.987804 34.476498 13.785115
-0.141510 1.018458 -0.406046
-0.125068 -0.137042 -0.315803
-0.011890 0.016362 -0.008257
0.002314 0.006083 0.013299
0.000821 -0.001511 0.000425
-0.000188 -0.000292 -0.000565
0.000013 0.000058 0.000054
-23.051836 36.366448 11.362919
-0.744454 0.674988 -1.450040
-0.093777 -0.062009 -0.058199
0.019603 -0.023581 0.051039
0.002092 -0.009737 -0.004062
-0.000379 0.001005 -0.001352
0.000017 0.000651 0.000311
-0.000001 -0.000090 -0.000022
-24.747328 37.186176 8.531473
-0.843711 -0.009109 -1.255826
0.047964 -0.261336 0.102699
0.023230 -0.006852 0.001968
-0.001012 0.014219 -0.004893
-0.000272 0.001199 0.000577
0.000000 -0.000619 0.000008
0.000002 0.000042 -0.000003
-26.398825 35.542367 4.952404
0.016378 -0.099732 -0.886105
0.116593 0.305007 -0.006212
-0.015903 0.023144 -0.004372
-0.002966 -0.015765 0.001989
0.000213 -0.000703 -0.000097
0.000044 0.000443 -0.000071
-0.000004 -0.000028 0.000007
-25.959484 38.191090 1.000189
-0.219608 0.265339 -1.016186
-0.144717 -0.306327 -0.057765
-0.005628 -0.014528 -0.014340
0.002723 0.013143 0.000201
-0.000194 -0.000199 0.000847
-0.000076 -0.000404 0.000144
0.000013 0.000043 -0.000032
-27.369636 37.188073 -1.939474
-0.922865 -0.906405 -1.365307
-0.133208 -0.107865 -0.014312
0.003742 0.038333 0.039895
0.000310 -0.003317 0.006961
0.000354 -0.000690 -0.001092
0.000151 0.000337 -0.000409
-0.000027 -0.000037 0.000062
-29.507887 35.331215 -4.225404
-1.338223 -1.002040 -0.927202
-0.068731 0.036197 0.237916
0.026309 0.017820 0.027029
0.005297 -0.000486 -0.010562
0.000058 0.000413 -0.001184
-0.000204 -0.000139 0.000393
0.000014 0.000009 -0.000023
-33.458454 32.917770 -5.093050
0.028129 -0.022767 -0.214733
0.318400 0.123390 -0.194291
-0.014308 -0.022351 -0.027153
-0.009939 -0.005173 0.009789
0.000152 0.000193 0.000530
0.000211 0.000121 -0.000253
-0.000015 -0.000009 0.000015
-30.858931 32.393944 -8.790484
0.275533 -0.834745 -0.957511
-0.240175 -0.251710 0.122578
-0.007776 0.004478 0.016436
0.009007 0.006772 -0.007519
-0.000328 -0.000246 -0.000276
-0.000249 -0.000156 0.000190
0.000029 0.000016 -0.000011
-31.656462 28.666132 -10.537839
-0.705183 -1.719409 -0.467450
-0.083648 -0.043292 -0.009207
0.022013 0.028003 -0.030253
-0.002464 -0.002603 0.002083
0.000132 -0.000326 0.001141
0.000306 0.000146 -0.000015
-0.000044 -0.000014 -0.000017
-33.414028 24.889585 -11.839382
-0.781669 -1.616849 -0.743937
0.065644 0.067624 -0.049464
0.036342 0.008860 0.026661
0.004938 -0.000813 0.007246
-0.000284 0.000170 -0.000781
-0.000368 -0.000071 -0.000275
0.000041 0.000007 0.000034
-34.211346 21.158354 -13.480662
0.471344 -1.121123 -0.212150
0.350305 0.100604 0.212596
0.000644 -0.003185 0.002972
-0.010869 -0.001746 -0.010041
0.000026 0.000026 -0.000068
0.000407 0.000053 0.000363
-0.000042 -0.000006 -0.000033
-30.689659 18.667535 -12.849048
1.777227 -0.743064 0.410598
0.075128 0.026681 -0.032669
-0.031219 -0.009486 -0.026886
0.005067 0.000557 0.006297
-0.000005 0.000002 0.000634
-0.000410 -0.000056 -0.000279
0.000053 0.000009 0.000023
-26.490991 16.996950 -12.221377
1.770089 -0.755581 0.145418
-0.080506 -0.032061 -0.026914
-0.032823 -0.009010 0.019537
-0.005010 -0.000002 0.001396
0.000207 0.000237 -0.000626
0.000441 0.000090 0.000096
-0.000047 -0.000013 -0.000008
-22.987860 14.450052 -11.560187
0.439311 -1.027103 0.470138
-0.306009 -0.016965 0.128313
0.022768 0.021649 0.011611
0.013718 0.003732 -0.001951
-0.000237 -0.000460 -0.000273
-0.000493 -0.000172 -0.000055
0.000045 0.000019 0.000010
-23.019346 11.923905 -8.963955
0.102877 -0.490204 1.201121
0.205698 0.145346 0.042407
0.030510 -0.012418 -0.036801
-0.013331 -0.008296 -0.004004
-0.000608 0.000017 0.000618
0.000451 0.000225 0.000155
-0.000034 -0.000016 -0.000018
-20.552578 10.544219 -5.928659
0.914152 -0.828642 0.186609
-0.067792 -0.257792 -0.224111
-0.020484 -0.018824 0.020633
0.008554 0.009079 0.008335
0.000268 0.000603 -0.000730
-0.000368 -0.000169 -0.000284
0.000033 0.000006 0.000033
-18.560088 6.453370 -6.404836
0.616785 -1.888731 -0.258989
-0.000113 -0.000528 0.039723
0.006230 0.067479 0.005675
-0.005670 0.002157 -0.009542
-0.000583 -0.001310 -0.000077
0.000265 -0.000062 0.000363
-0.000018 0.000014 -0.000031
-16.957542 2.393025 -7.361450
0.167385 -0.265201 -0.609393
-0.190118 0.356150 -0.161873
-0.020352 -0.025819 -0.000023
0.004562 -0.012122 0.009860
0.000589 0.000499 0.000385
-0.000142 0.000252 -0.000314
0.000007 -0.000020 0.000021
-19.407331 3.477774 -10.438384
-1.078975 -0.184955 -0.190527
-0.005868 -0.260302 0.265674
0.028002 0.006922 -0.002421
-0.002052 0.013293 -0.011928
-0.000420 -0.000339 -0.000137
0.000059 -0.000321 0.000271
-0.000002 0.000027 -0.000017
-22.686905 1.227032 -9.440238
-0.554193 -0.240669 -0.138763
0.055193 0.225248 -0.312425
-0.013596 0.000596 -0.029219
-0.000957 -0.011276 0.011373
0.000328 0.000547 0.000776
0.000006 0.000398 -0.000192
-0.000002 -0.000044 0.000003
-24.107704 1.866576 -12.177873
-0.549040 0.475556 -1.525517
-0.033953 0.028110 -0.017006
-0.000357 -0.002424 0.081933
0.002775 0.009486 0.002225
0.000095 0.000011 -0.001895
-0.000033 -0.000461 -0.000125
-0.000004 0.000047 0.000034
-25.476686 3.293229 -14.846336
-0.579345 0.900323 -0.474299
0.044117 0.184040 0.381056
0.018395 0.019467 0.004504
-0.000382 -0.006872 -0.015238
-0.000784 -0.001108 0.000100
-0.000094 0.000299 0.000415
0.000021 -0.000017 -0.000036
-26.509060 7.065758 -13.913879
-0.199383 1.695619 0.766177
0.008748 0.005852 -0.013110
-0.040642 -0.049830 -0.056784
-0.006347 -0.000809 0.006468
0.001022 0.001107 0.001189
0.000315 -0.000028 -0.000281
-0.000044 -0.000006 0.000015
-27.762222 10.696329 -12.649016
-1.047556 0.891996 0.112748
-0.280880 -0.254769 -0.140482
0.001054 -0.003432 0.016236
0.011649 0.007135 0.002981
-0.000281 -0.000146 -0.001018
-0.000484 -0.000134 -0.000004
0.000058 0.000013 0.000015
-31.573161 11.528070 -12.938051
-1.932721 -0.065306 -0.266464
-0.053182 -0.097988 -0.038055
0.030752 0.035031 0.002719
-0.005300 0.000246 -0.002262
-0.000206 -0.000469 0.000755
0.000494 0.000089 0.000251
-0.000065 -0.000010 -0.000049
-35.587235 11.276269 -13.625949
-1.888995 -0.041971 -0.369924
0.066733 0.100342 0.017046
0.023740 0.026667 0.029331
0.004131 -0.001855 0.006602
0.000104 -0.000224 -0.000480
-0.000444 -0.000049 -0.000451
0.000049 0.000010 0.000055
-39.390438 12.085582 -13.866797
-1.027796 0.774526 0.394070
0.255812 0.188764 0.257644
0.000942 -0.006667 0.001043
-0.009469 -0.003715 -0.011720
-0.000242 0.000360 -0.000175
0.000397 0.000129 0.000492
-0.000037 -0.000021 -0.000047
-40.688107 15.176612 -11.506761
-0.195394 1.491040 1.140507
0.015482 0.084961 -0.020849
-0.032875 -0.009116 -0.033832
0.005050 0.001103 0.007276
0.000698 -0.000624 0.000846
-0.000278 -0.000254 -0.000362
0.000023 0.000046 0.000031
-41.270916 18.775824 -9.263073
-0.377030 1.662997 0.878087
-0.052743 -0.050982 -0.035247
0.005283 -0.046126 0.019720
0.001145 -0.006846 0.001845
-0.000607 0.000785 -0.000754
0.000081 0.000466 0.000121
-0.000003 -0.000057 -0.000011
-42.520027 21.827789 -6.831947
-0.551955 0.357887 1.119064
-0.024076 -0.373814 0.118091
-0.000460 0.008695 0.013432
-0.000487 0.015325 -0.002236
0.000200 -0.000136 -0.000381
0.000021 -0.000583 -0.000074
-0.000004 0.000055 0.000013
-44.287893 20.771354 -2.613867
-0.671532 -0.637030 1.752744
-0.001348 0.057426 0.014923
0.010162 0.030362 -0.046696
0.001472 -0.012777 -0.005967
-0.000171 -0.000664 0.000609
-0.000065 0.000521 0.000190
0.000007 -0.000042 -0.000018
-46.066971 19.164560 1.339249
-0.339017 -0.628076 0.192428
0.080294 -0.130590 -0.428991
-0.004155 -0.013779 -0.002216
-0.002818 0.008423 0.012257
0.000161 0.000283 0.000367
0.000099 -0.000423 -0.000215
-0.000012 0.000041 0.000008
-46.579815 16.610044 -0.686656
-0.122531 -1.149047 -1.274534
-0.002106 -0.031249 0.013526
-0.006157 0.007782 0.086385
0.001908 -0.005667 -0.001090
-0.000078 -0.000265 -0.001953
-0.000129 0.000355 -0.000071
0.000019 -0.000038 0.000033
-46.909683 13.779324 -2.648792
-0.177918 -1.381713 -0.170566
-0.022265 -0.091319 0.352476
-0.005807 -0.009172 -0.011183
-0.001307 0.003327 -0.015209
0.000197 0.000453 0.000690
0.000169 -0.000251 0.000457
-0.000025 0.000032 -0.000050
-47.432253 10.509583 -1.815644
-0.348077 -1.757625 0.745330
-0.047524 -0.065971 0.039036
0.006008 0.013962 -0.058632
0.003969 0.001883 0.005780
0.000086 0.000234 0.001867
-0.000187 0.000215 -0.000267
0.000018 -0.000045 0.000003
-48.149471 7.196312 -0.589196
-0.378271 -1.785563 0.514147
0.046443 0.079041 -0.096295
0.022056 0.044148 0.014304
-0.000784 0.005158 0.010016
-0.000710 -0.000572 -0.000880
0.000042 -0.000363 -0.000234
0.000005 0.000044 0.000029
-48.558434 4.059815 0.511001
0.088206 -0.577150 0.630040
0.108961 0.388251 0.162231
-0.009187 0.011735 0.029128
-0.003437 -0.011887 -0.006652
0.000456 -0.000542 -0.000749
0.000121 0.000367 0.000253
-0.000016 -0.000027 -0.000017
-47.556846 5.535210 4.560137
0.419847 0.960231 1.689710
0.038396 -0.031522 0.056549
0.014371 -0.050990 -0.029582
0.003405 0.005664 0.000767
-0.000861 0.000663 0.000357
-0.000255 -0.000245 -0.000141
0.000039 0.000020 0.000015
-46.059162 7.173427 8.667912
0.838534 0.234150 1.487406
0.072779 -0.199569 -0.129812
-0.030584 -0.001954 -0.022803
-0.010051 0.002138 0.000325
0.000336 -0.000373 0.000220
0.000416 0.000105 0.000122
-0.000039 -0.000010 -0.000016
-44.225555 6.197476 11.466659
-0.064619 -0.822528 0.327079
-0.346598 -0.126290 -0.195397
-0.008803 0.019332 0.019823
0.014305 0.001719 0.004815
0.000569 -0.000267 -0.000615
-0.000390 -0.000093 -0.000216
0.000026 0.000014 0.000031
-46.019553 3.808177 11.487175
-1.147544 -1.070303 -0.164529
0.006855 0.011574 -0.027110
0.083129 0.010975 0.007542
-0.000020 -0.002862 -0.006164
-0.001963 0.000041 0.000006
0.000035 0.000136 0.000303
0.000014 -0.000020 -0.000031
-47.729492 1.420123 10.895728
0.000878 -0.940719 -0.394244
0.374380 0.031717 -0.085748
-0.002159 0.000402 -0.004407
-0.013895 -0.000160 0.004923
0.000147 -0.000357 0.000662
0.000262 -0.000192 -0.000210
-0.000017 0.000037 0.000010
-46.242569 -0.517081 9.700781
1.108908 -0.872854 -0.606439
0.048487 -0.034300 0.034078
-0.075380 -0.028271 0.034063
0.000339 -0.004106 0.000600
0.001882 0.000894 -0.001126
0.000002 0.000382 -0.000062
-0.000024 -0.000066 0.000025
-44.424747 -2.521268 8.883391
0.597611 -1.330990 -0.163685
-0.257317 -0.182536 0.165011
-0.015345 -0.004438 0.000785
0.012500 0.009348 -0.007390
0.000054 0.000259 0.000093
-0.000321 -0.000493 0.000275
0.000026 0.000049 -0.000028
-44.445121 -7.313726 9.390052
-0.334293 -1.900707 0.348921
0.010343 -0.000676 -0.001954
0.043889 0.009902 -0.013737
-0.004520 -0.007304 0.004958
-0.001075 0.000035 0.000165
0.000186 0.000466 -0.000266
-0.000008 -0.000050 0.000025
-44.774944 -12.061791 10.187335
0.138729 -1.979395 0.310134
0.096895 -0.025866 0.002045
-0.020401 0.015111 -0.002502
-0.004834 0.009318 -0.004218
0.000691 0.000501 -0.000578
0.000052 -0.000404 0.000166
-0.000007 0.000021 -0.000003
-44.442307 -14.947681 10.619162
0.247293 -1.840627 0.238584
-0.031799 0.153348 -0.071398
-0.031747 0.058573 -0.029834
0.001153 0.002189 -0.003410
0.000823 -0.002112 0.000747
-0.000022 -0.000186 0.000133
-0.000009 0.000051 -0.000022
-44.297367 -17.622614 10.519095
-0.183367 -0.589571 -0.470371
-0.139293 0.376039 -0.258571
0.003449 -0.013341 -0.016769
0.005590 -0.015723 0.006050
-0.000220 0.000163 0.000439
-0.000147 0.000554 -0.000183
0.000015 -0.000055 0.000014
-45.385518 -17.460787 7.757956
-0.569162 0.324546 -1.686580
0.005219 -0.070806 -0.169593
0.020881 -0.063386 0.033317
-0.002504 0.007993 0.002271
-0.000435 0.001327 -0.000442
0.000118 -0.000397 0.000064
-0.000004 0.000049 -0.000008
-46.263973 -17.349792 4.559481
-0.427274 -0.283188 -1.943583
0.060448 -0.225360 0.024817
0.001532 0.004932 0.039986
-0.001810 0.010434 -0.000060
0.000509 0.000238 -0.000260
0.000066 0.000185 -0.000028
-0.000024 -0.000072 0.000002
-46.780626 -18.247814 1.753708
-0.240024 -0.781024 -1.588447
0.061598 -0.040963 0.198126
0.002572 0.074423 0.031741
0.001371 0.009496 -0.002794
-0.000091 -0.001697 -0.000409
-0.000195 -0.000601 -0.000004
0.000025 0.000089 0.000007
-46.956909 -19.234118 -0.592800
0.097082 0.358746 -0.320678
0.060180 0.437264 0.283409
-0.014355 0.006937 -0.011630
-0.004680 -0.019934 -0.004929
0.000040 0.000221 0.000309
0.000214 0.000870 0.000105
-0.000021 -0.000106 -0.000009
-46.695903 -16.836671 -0.208616
0.033318 1.715779 0.579480
-0.104863 0.139909 0.132135
-0.026780 -0.061903 -0.026462
0.003023 0.005558 0.002161
0.000801 0.001448 0.000763
-0.000092 -0.000674 -0.000033
0.000002 0.000087 -0.000032
-46.925373 -14.245905 0.828054
-0.382853 1.812180 0.833509
-0.164762 -0.046768 0.061298
0.001839 -0.027220 -0.005094
0.006110 0.004083 0.003300
0.000086 -0.000615 -0.000909
-0.000075 0.000194 -0.000356
-0.000001 -0.000023 0.000064
-48.262656 -10.932687 2.736330
-0.833024 1.399745 1.010158
-0.015152 -0.130204 -0.008594
0.042062 -0.000607 -0.037467
0.002173 0.003123 -0.009331
-0.000883 -0.000235 0.000247
-0.000085 -0.000132 0.000546
0.000016 0.000018 -0.000057
-49.829983 -7.858112 4.297400
0.002878 0.763226 -0.372049
0.224591 -0.097845 -0.410159
-0.008455 -0.004066 0.000998
-0.007578 -0.001614 0.014711
0.000485 0.000636 -0.000271
0.000242 0.000232 -0.000606
-0.000034 -0.000042 0.000073
-48.898126 -6.655485 1.622586
0.659039 0.306056 -1.722007
0.041295 -0.059177 -0.125812
-0.026613 0.030247 0.046120
0.002888 0.006396 -0.005405
0.000101 -0.000773 -0.000547
-0.000298 -0.000437 0.000566
0.000046 0.000075 -0.000080
-47.787857 -6.135967 -1.427440
0.615899 0.427626 -1.846415
-0.061187 0.132693 0.033462
-0.019765 0.031053 0.025685
-0.001263 -0.006172 0.000652
-0.000205 -0.000785 0.000437
0.000236 0.000434 -0.000369
-0.000022 -0.000047 0.000040
-46.957230 -4.323292 -5.099112
0.022518 1.217766 -1.315573
-0.192209 0.175289 0.182886
-0.007956 -0.007719 0.005894
0.005430 -0.000892 -0.006427
0.000616 0.000071 -0.000290
-0.000114 -0.000307 0.000261
0.000001 0.000040 -0.000023
-47.951189 -0.461866 -7.354083
-0.692024 1.795608 -0.638638
-0.024212 0.003694 0.051148
0.049537 -0.052562 -0.025992
0.003008 -0.007203 0.001972
-0.000981 0.000576 0.000706
-0.000102 0.000375 -0.000126
0.000016 -0.000038 0.000006
-48.843700 3.311872 -9.417458
0.487005 0.009172 -0.689681
0.266415 -0.427758 -0.000563
-0.021022 0.023880 0.011245
-0.009689 0.016384 0.000799
0.000595 -0.000409 -0.000406
0.000265 -0.000477 0.000011
-0.000031 0.000049 0.000004
-46.961650 1.911518 -10.776843
1.072143 -0.990770 -0.545165
-0.020173 0.027415 0.060716
-0.047866 0.087916 0.004592
0.004130 -0.003904 -0.001470
0.001024 -0.001873 0.000099
-0.000198 0.000247 0.000068
0.000011 -0.000011 -0.000011
-44.923241 0.706928 -11.732060
0.425500 0.331680 -0.202084
-0.156994 0.368722 0.073856
0.010963 -0.007645 0.002903
0.004249 -0.010306 0.000325
-0.000520 0.000351 -0.000286
-0.000006 0.000046 -0.000119
0.000003 0.000002 0.000017
-44.553604 3.429247 -11.757471
0.011548 1.486605 0.148845
0.007970 0.000754 0.026191
0.022317 -0.072213 -0.025723
-0.001483 -0.000415 -0.004759
-0.000268 0.001282 0.000277
0.000039 0.000076 0.000192
-0.000001 -0.000020 -0.000017
-44.192425 6.147233 -11.755633
0.350432 0.352673 -0.374122
0.097907 -0.352264 -0.225536
0.000832 0.001550 -0.018326
-0.001903 0.011804 0.007562
0.000143 -0.000241 0.000913
0.000015 -0.000277 -0.000109
-0.000002 0.000025 -0.000007
-42.637868 5.120302 -14.214518
0.788050 -0.819686 -1.270877
0.058372 -0.026009 0.014968
-0.006173 0.049215 0.072608
0.000631 -0.004512 0.003451
0.000167 -0.001025 -0.001899
-0.000012 0.000178 -0.000246
-0.000003 -0.000005 0.000049
-40.618160 3.552802 -16.209536
1.000351 -0.469577 -0.229489
0.047035 0.114869 0.357743
0.002840 -0.007143 -0.004868
0.000548 -0.004517 -0.017249
-0.000273 0.000846 -0.000065
-0.000053 0.000099 0.000518
0.000010 -0.000022 -0.000044
-38.279252 2.957432 -15.456324
1.223058 -0.154988 0.663761
0.047459 0.038850 -0.023315
-0.007388 -0.004159 -0.086353
-0.002445 0.003856 0.002254
0.000029 0.000066 0.002412
0.000101 -0.000223 -0.000126
-0.000012 0.000021 -0.000013
-35.759701 2.821033 -14.805075
1.263907 0.043266 -0.217905
-0.035853 0.072366 -0.333302
-0.016167 0.005936 -0.000394
0.000635 -0.002755 0.015212
0.000275 -0.000811 -0.000150
-0.000060 0.000075 -0.000305
0.000007 0.000008 0.000024
-33.470656 3.185280 -16.376257
0.956740 0.268715 -1.130520
-0.105289 -0.001712 -0.035536
-0.005377 -0.032598 0.079808
0.001876 -0.004171 0.001830
0.000179 0.000746 -0.001829
0.000044 0.000182 0.000028
-0.000012 -0.000025 0.000011
-31.749542 3.294051 -18.269573
0.491151 -0.381463 -0.055435
-0.049431 -0.230770 0.383280
0.021424 -0.007166 0.009644
0.001784 0.008256 -0.012500
-0.000702 0.000209 -0.000054
-0.000163 -0.000255 0.000213
0.000025 0.000020 -0.000013
-30.314923 0.636416 -15.822455
0.574827 -1.249760 1.380106
-0.005076 -0.012858 0.001590
-0.033158 0.032616 -0.068907
-0.007764 -0.003429 0.002077
0.000799 -0.000688 0.001343
0.000339 0.000150 -0.000050
-0.000043 -0.000008 -0.000009
-29.608524 -2.269220 -13.226222
-0.302257 -0.971776 0.420332
-0.311012 0.065588 -0.274191
-0.011763 -0.009399 0.009403
0.010615 -0.002341 0.009127
0.000159 0.000489 -0.000640
-0.000422 0.000004 -0.000210
0.000045 -0.000003 0.000026
-32.370998 -4.610326 -13.545056
-1.590837 -0.879709 -0.415791
-0.116716 -0.021830 -0.019266
0.032450 -0.003482 0.027177
-0.002435 0.002630 -0.004838
0.000083 0.000114 -0.000217
0.000413 -0.000051 0.000263
-0.000061 -0.000000 -0.000031
-35.838535 -6.475968 -14.318640
-1.681570 -0.924377 -0.298552
0.089237 0.018300 0.052974
0.048807 0.013670 0.004411
0.005933 0.000441 0.000085
-0.000223 -0.000558 0.000277
-0.000463 -0.000059 -0.000182
0.000048 0.000014 0.000019
-38.596672 -8.751277 -14.645226
0.179656 -0.640741 0.080084
0.473911 0.024293 0.053312
-0.007607 -0.020915 -0.012432
-0.014926 -0.002844 -0.002519
0.000107 0.000939 0.000480
0.000501 0.000232 0.000206
-0.000048 -0.000037 -0.000030
-35.390651 -10.705692 -14.298571
1.729834 -0.843849 0.120860
0.031864 -0.009239 0.011318
-0.051464 0.039590 0.020573
0.008579 0.009268 0.005439
0.000850 -0.001112 -0.000895
-0.000411 -0.000482 -0.000374
0.000039 0.000067 0.000059
-31.746132 -12.065766 -13.696518
1.489163 -0.130979 0.531823
-0.070072 0.306726 0.141455
0.009617 0.018641 -0.007112
0.002481 -0.013081 -0.009705
-0.000621 -0.000618 0.000176
0.000189 0.000557 0.000535
-0.000027 -0.000053 -0.000061
-28.576859 -10.895520 -12.040890
1.395153 1.004645 0.769447
0.040000 0.112279 -0.049695
0.019120 -0.051179 -0.017491
-0.001060 0.001140 0.008828
-0.000981 0.001225 0.000926
-0.000242 -0.000285 -0.000424
0.000061 0.000026 0.000032
-25.580443 -8.832816 -10.712864
1.650731 0.938110 0.647046
0.036477 -0.118472 0.047049
-0.032334 -0.024826 0.039797
-0.008597 0.003430 0.001718
0.001096 -0.000067 -0.001511
0.000594 0.000066 0.000012
-0.000092 -0.000009 0.000013
-22.481342 -7.576157 -8.943576
1.298027 0.283139 1.250384
-0.195037 -0.180756 0.217475
-0.014263 0.005342 0.002465
0.012220 0.004227 -0.009122
0.000542 -0.000021 -0.000318
-0.000686 -0.000059 0.000188
0.000068 0.000003 -0.000009
-20.358037 -7.726275 -5.009745
0.645805 -0.284102 1.859705
-0.030679 -0.025841 -0.040232
0.024328 0.032236 -0.062078
-0.007531 0.000572 -0.001380
-0.001208 -0.000466 0.001262
0.000440 -0.000004 0.000035
-0.000029 0.000003 -0.000011
-18.567087 -7.775362 -1.209086
0.120455 0.513797 -0.056369
-0.178326 0.179100 -0.289482
-0.003099 -0.004970 0.046866
0.008574 -0.003689 0.010224
0.000449 0.000252 -0.000932
-0.000285 0.000071 -0.000241
0.000019 -0.000008 0.000025
-19.353962 -4.088981 -2.122030
-0.019198 1.281615 0.363543
0.190676 0.037111 0.282071
0.019705 -0.003236 -0.010737
-0.008434 0.002038 -0.012634
-0.000508 -0.000361 0.000818
0.000198 -0.000126 0.000398
-0.000010 0.000019 -0.000045
-18.051133 -0.337933 0.300730
0.787000 1.417033 1.092756
0.004039 -0.017372 -0.017763
-0.048664 -0.022634 -0.013632
-0.000131 -0.003505 0.010692
0.001206 0.000547 0.000198
0.000010 0.000237 -0.000474
-0.000015 -0.000034 0.000044
-16.699835 2.870658 3.322830
0.020384 0.806191 1.306212
-0.194354 -0.160382 0.133083
0.014714 0.009203 0.011001
0.007093 0.006179 -0.008288
-0.000895 -0.000873 -0.000752
-0.000269 -0.000412 0.000357
0.000043 0.000066 -0.000024
-17.290884 4.002210 6.585993
-0.465166 0.337701 1.703315
-0.038117 -0.082747 -0.003230
0.014616 -0.008305 -0.042347
-0.006024 -0.008663 -0.000527
-0.000270 0.000092 0.001477
0.000368 0.000565 -0.000003
-0.000040 -0.000061 -0.000023
-18.451298 4.115758 9.895523
-0.623744 -0.367271 1.214011
-0.058592 -0.246397 -0.166489
-0.005948 -0.011033 0.004748
0.002841 0.010358 0.007222
0.000581 0.001373 -0.000799
-0.000238 -0.000369 -0.000346
0.000019 0.000013 0.000054
-20.019915 2.374066 11.848898
-0.833857 -1.113921 0.713870
-0.019602 -0.009486 -0.073888
0.012603 0.076907 0.002703
-0.000559 0.004352 -0.006528
-0.000624 -0.002121 -0.000127
0.000047 -0.000184 0.000452
0.000004 0.000042 -0.000047
-22.067421 0.671924 13.022141
-0.816597 0.073571 0.157517
-0.005456 0.378812 -0.151396
-0.010903 -0.009629 0.004576
-0.001627 -0.016536 0.008221
0.000637 0.000507 0.000512
0.000123 0.000539 -0.000365
-0.000021 -0.000056 0.000024
-23.994670 2.241499 12.869297
-0.971443 1.077746 -0.127037
-0.036525 0.019706 0.068710
0.014479 -0.061775 0.043820
0.006517 0.007306 -0.003597
0.000144 0.001967 -0.001859
-0.000198 -0.000317 0.000005
0.000010 0.000002 0.000041
-25.855072 4.126284 13.120576
-0.764604 0.750035 0.424123
0.174325 -0.094810 0.127559
0.046099 0.024811 -0.034625
-0.001117 0.008559 -0.010524
-0.001423 -0.001670 0.001590
-0.000065 -0.000295 0.000576
0.000029 0.000066 -0.000108
-26.471087 5.122651 13.870942
-0.007401 0.693263 0.495807
0.317211 0.060525 -0.085094
0.009713 0.031369 -0.043553
-0.010472 -0.005844 0.007701
-0.000710 -0.001284 0.001782
0.000228 0.000383 -0.000532
-0.000007 -0.000026 0.000038
-24.612021 7.629687 14.238580
1.084656 1.162511 -0.186583
-0.031730 0.037776 -0.064550
-0.078804 -0.022139 0.030380
-0.000518 0.000912 -0.000168
0.001851 0.001038 -0.001100
0.000093 -0.000092 0.000171
-0.000032 -0.000004 -0.000009
-23.148083 10.426156 13.774017
-0.150904 1.134034 -0.093896
-0.368985 0.000317 0.065761
0.010998 0.015903 0.001818
0.014037 0.003303 -0.003100
-0.000737 -0.000814 0.000239
-0.000452 -0.000165 0.000015
0.000050 0.000025 -0.000002
-25.779951 14.138186 13.936165
-1.254935 1.474760 0.125448
-0.010176 0.039229 -0.009694
0.013461 -0.032626 -0.011642
-0.011328 -0.007702 0.000551
0.000205 0.000804 0.000140
0.000560 0.000350 -0.000027
-0.000061 -0.000048 0.000005
-29.086090 17.390224 14.039507
-1.496340 0.861018 -0.085931
-0.098787 -0.261077 -0.059815
0.004554 -0.015321 0.001069
0.010426 0.009125 0.002515
0.000629 -0.000180 0.000390
-0.000503 -0.000481 0.000060
0.000040 0.000069 -0.000028
-31.687018 18.089031 13.768758
-1.609513 0.017771 -0.214614
0.072454 -0.232752 0.001599
0.055504 0.014863 0.026039
0.001611 -0.000985 0.003859
-0.002060 -0.001027 -0.000577
-0.000048 0.000307 -0.000258
0.000035 -0.000026 0.000036
-34.146889 17.344376 13.574610
-0.808161 -0.769562 0.121234
0.291206 -0.193091 0.163195
0.001735 0.000695 0.015104
-0.012218 -0.000234 -0.006989
0.000072 0.000520 -0.000752
0.000419 -0.000038 0.000228
-0.000040 -0.000001 -0.000011
-34.696515 14.008705 14.946584
0.110973 -1.699437 0.749989
0.003381 -0.132124 -0.013315
-0.036282 0.018564 -0.046538
0.006667 0.001909 -0.000351
0.000811 -0.000250 0.001198
-0.000326 -0.000059 0.000018
0.000027 0.000005 -0.000015
-34.632797 10.329791 16.043653
-0.079138 -1.972423 0.236840
-0.051147 -0.007612 -0.209850
0.011866 0.017808 -0.008233
0.002882 -0.002545 0.008529
-0.000867 -0.000521 0.000220
0.000040 0.000012 -0.000184
0.000000 0.000017 0.000007
-34.860484 6.760740 15.816361
-0.119935 -1.906868 -0.413981
0.025702 0.016449 -0.097895
0.008894 -0.010069 0.041675
-0.003001 -0.003005 0.002719
-0.000414 0.000824 -0.001329
0.000042 0.000232 -0.000098
0.000020 -0.000052 0.000031
-34.978400 3.271105 14.991406
-0.023040 -1.959896 -0.367299
0.004802 -0.032358 0.100365
-0.014032 0.003220 0.017398
-0.000512 0.004968 -0.007776
0.001420 -0.000288 -0.000267
0.000294 -0.000436 0.000292
-0.000085 0.000079 -0.000026
-35.059326 -0.289093 14.678617
-0.066700 -1.975415 -0.006517
0.013676 0.027276 0.063744
0.031073 0.007891 -0.022758
0.009286 -0.002725 -0.001379
-0.001136 0.000341 0.001108
-0.000769 0.000553 -0.000036
0.000140 -0.000122 -0.000018
-35.007373 -3.051974 14.733670
0.230983 -1.860537 0.040597
0.197693 0.057284 -0.023103
0.036322 0.013875 -0.012593
-0.008115 0.004196 0.003634
-0.001685 -0.000171 0.000034
0.000642 -0.000672 -0.000213
-0.000060 0.000111 0.000030
-34.136673 -5.660198 14.716485
0.943712 -1.563177 -0.071515
0.233701 0.137438 -0.040986
-0.017647 0.009433 0.000875
-0.006115 -0.006646 0.000206
0.001269 -0.000948 -0.000472
0.000012 0.000500 0.000101
-0.000017 -0.000044 -0.000004
-31.194914 -8.494578 14.360557
1.594566 -1.096124 -0.257797
0.060635 0.033208 -0.048358
-0.021323 -0.024863 -0.001942
0.002396 0.002682 0.000848
-0.000302 0.001136 0.000451
-0.000250 -0.000184 0.000039
0.000039 0.000006 -0.000014
-27.665353 -10.860767 13.600122
1.579335 -1.116807 -0.409408
-0.083795 0.007045 0.007287
-0.035344 0.018500 0.023843
-0.004600 0.004080 0.003644
0.000280 -0.000692 -0.000374
0.000340 -0.000098 -0.000166
-0.000034 0.000013 0.000018
-24.765705 -13.616274 13.281791
-0.061030 -0.430907 0.447745
-0.316404 0.148936 0.202499
0.033699 -0.015094 -0.010817
0.013644 -0.006727 -0.007366
-0.000387 0.000292 0.000268
-0.000410 0.000201 0.000233
0.000036 -0.000019 -0.000022
-26.111691 -14.450031 15.989417
0.028099 -0.424108 0.882496
0.334638 -0.130324 -0.055610
0.028404 -0.005850 -0.003615
-0.014291 0.007480 0.007430
-0.000327 0.000050 -0.000112
0.000416 -0.000226 -0.000272
-0.000036 0.000018 0.000025
-23.926335 -16.213510 18.073441
1.473587 -0.807625 0.871431
0.119409 0.022827 0.072593
-0.054626 0.024835 0.011401
0.001003 -0.003700 -0.006075
0.001039 -0.000984 -0.000850
-0.000238 0.000091 0.000176
0.000023 0.000007 0.000001
-20.972974 -17.591944 20.029490
1.389932 -0.598231 1.073094
-0.138257 0.034692 -0.023556
-0.031133 -0.024394 -0.041840
0.003444 -0.006305 -0.004163
0.000065 0.000635 0.001260
0.000071 0.000186 0.000185
-0.000011 -0.000020 -0.000034
-18.694206 -19.411860 21.897633
0.361892 -1.080709 0.202203
-0.213271 -0.217558 -0.258296
0.014509 -0.016463 0.006604
0.004806 0.008257 0.010181
-0.000341 0.000813 -0.000481
-0.000125 -0.000162 -0.000416
0.000016 0.000000 0.000049
-18.738867 -23.185771 21.226509
-0.240837 -1.895461 -0.574418
-0.025484 -0.018045 -0.050875
0.024700 0.065060 0.017997
-0.002457 0.004066 -0.007996
-0.000227 -0.001500 -0.000573
0.000141 -0.000158 0.000404
-0.000016 0.000031 -0.000036
-19.187140 -26.751932 19.720747
-0.093445 -1.051286 -0.850464
0.074322 0.347757 -0.122976
0.008832 0.019231 -0.023542
-0.000756 -0.012516 0.001664
-0.000020 -0.000455 0.001096
-0.000110 0.000316 -0.000152
0.000012 -0.000020 0.000006
-18.493842 -27.028436 14.902133
0.414985 0.345934 -1.862458
-0.007643 -0.069175 -0.056502
-0.034954 -0.047811 0.035920
-0.003499 0.007134 0.002357
0.000704 0.001049 -0.000499
0.000180 -0.000171 -0.000002
-0.000022 0.000004 0.000000
-18.280161 -27.178410 9.869640
-0.509151 -0.391798 -1.193207
-0.217197 -0.020720 0.255685
0.019652 0.051400 0.018717
0.010355 0.003866 -0.005309
-0.000227 -0.001229 -0.000525
-0.000284 -0.000084 -0.000001
0.000023 0.000017 0.000011
-20.518393 -27.266819 8.546638
-0.619166 0.667001 0.096207
0.211527 0.308738 0.078041
0.040061 -0.002839 -0.059318
-0.009124 -0.009691 -0.003922
-0.001215 0.000323 0.001348
0.000169 0.000265 0.000220
0.000005 -0.000029 -0.000034
-20.284037 -23.114317 8.020746
0.522673 1.765416 -0.772969
-0.023861 0.019197 -0.207340
-0.074803 -0.029299 0.038640
-0.000079 0.003375 0.013943
0.002704 -0.000445 -0.001129
0.000265 -0.000350 -0.000494
-0.000110 0.000083 0.000070
-19.785192 -20.533661 6.596547
0.024254 1.652823 -0.993893
-0.267037 -0.094326 0.087164
-0.016956 -0.027920 0.076116
0.016148 -0.002027 -0.002772
-0.000036 0.000269 -0.002290
-0.000879 0.000510 0.000233
0.000113 -0.000077 0.000000
-20.536238 -18.061787 5.472650
-0.791539 1.061249 -0.119223
-0.143862 -0.218640 0.346598
0.037397 -0.003609 0.010593
-0.003646 0.009430 -0.012078
-0.001967 0.000633 0.000187
0.000516 -0.000442 0.000233
-0.000034 0.000034 -0.000018
-24.149903 -16.091096 8.191295
-1.320772 0.516724 1.268773
-0.082100 0.088164 -0.014906
0.004975 0.011882 -0.035472
0.005164 -0.009245 0.006150
0.000283 -0.000118 0.000507
-0.000293 0.000368 -0.000202
0.000026 -0.000034 0.000014
-28.059353 -14.182917 11.193168
-1.346017 0.711885 0.889425
0.087040 -0.055078 -0.050788
0.013516 -0.013940 0.013977
-0.005166 0.006047 0.000168
-0.000394 0.000532 -0.000653
0.000211 -0.000289 0.000061
-0.000015 0.000021 -0.000001
-31.559097 -12.333818 13.860501
-0.946167 0.582568 0.786248
-0.005023 0.051611 -0.033107
-0.009693 0.005288 -0.014884
0.003650 -0.005722 -0.002073
0.000378 -0.000453 0.000299
-0.000132 0.000187 0.000037
0.000007 -0.000010 -0.000004
-35.599144 -10.305196 15.102678
-0.424367 -0.357736 -0.437338
0.115371 -0.233770 -0.095451
-0.010399 0.011923 0.030097
-0.004728 0.007442 0.003795
0.000130 -0.000197 -0.000418
0.000115 -0.000170 -0.000086
-0.000010 0.000014 0.000009
-36.571693 -13.054264 13.928204
-0.454489 -0.805816 0.143114
-0.131719 0.118284 0.222547
-0.014995 0.020604 0.006651
0.003919 -0.006518 -0.006066
0.000082 -0.000319 -0.000010
-0.000119 0.000158 0.000126
0.000012 -0.000009 -0.000010
-39.541615 -14.402857 16.368054
-1.356158 -0.189034 1.153032
-0.110843 -0.007016 0.038155
0.009311 -0.025645 -0.025184
0.000655 0.002147 0.001943
0.000380 0.000729 0.000295
0.000150 -0.000049 -0.000094
-0.000026 -0.000005 0.000008
-43.057293 -15.082926 18.964224
-1.603865 -0.444210 1.038132
0.045916 -0.054663 -0.066769
0.045761 0.015911 -0.007026
0.005698 0.004677 0.001206
-0.000468 -0.000457 -0.000135
-0.000274 -0.000124 0.000032
0.000028 0.000014 -0.000002
-45.996227 -16.282818 21.433477
0.179197 -0.099206 0.539828
0.448837 0.139932 -0.073475
-0.002317 0.001305 0.005947
-0.011964 -0.005607 0.001118
0.000091 0.000088 -0.000042
0.000334 0.000182 -0.000022
-0.000029 -0.000017 0.000001
-41.412425 -15.453798 22.770495
1.930847 0.388760 0.352175
0.022365 0.002637 0.019371
-0.025780 -0.000082 0.005925
0.007797 0.004155 -0.001351
-0.000172 -0.000348 -0.000123
-0.000359 -0.000224 0.000014
0.000039 0.000027 0.000001
-36.511872 -14.346205 23.831812
1.865742 0.509776 0.462642
-0.038084 0.024635 0.003216
-0.018383 -0.015132 -0.009273
-0.006539 -0.006534 -0.000771
-0.000259 -0.000086 0.000274
0.000348 0.000259 0.000038
-0.000028 -0.000021 -0.000006
-31.914986 -13.566042 25.138182
0.378598 -0.478685 0.261558
-0.351981 -0.296820 -0.016449
0.006290 -0.005937 0.014108
0.010585 0.008390 0.002136
-0.000097 0.000096 -0.000432
-0.000332 -0.000241 -0.000106
0.000029 0.000020 0.000014
-33.373411 -17.816083 26.344558
-0.790693 -1.757881 0.541625
0.016616 -0.038636 0.031029
0.017050 0.023390 -0.024084
-0.008644 -0.004673 -0.004933
0.000019 -0.000158 0.000639
0.000344 0.000215 0.000214
-0.000036 -0.000023 -0.000028
-35.213531 -22.156158 27.413612
-0.779840 -1.750443 0.156798
-0.047746 0.015138 -0.165308
-0.010985 0.002202 -0.006040
0.003955 0.000845 0.007948
0.000526 0.000086 0.000311
-0.000274 -0.000182 -0.000258
0.000025 0.000023 0.000018
-37.546545 -26.502788 26.943446
-0.994237 -1.629172 -0.342733
-0.007729 0.015081 0.028914
0.009083 -0.010243 0.035967
-0.001758 -0.002487 -0.002962
-0.000273 0.000451 -0.001182
0.000171 0.000229 0.000064
-0.000016 -0.000031 0.000008
-40.085378 -30.809807 26.628960
-0.949202 -1.733775 0.120640
0.021139 -0.007696 0.046880
0.006948 0.024873 -0.039133
0.002264 0.007504 -0.007002
0.000153 -0.000368 0.000926
-0.000116 -0.000335 0.000207
0.000008 0.000034 -0.000025
-42.428688 -35.106339 26.055418
-0.437385 -0.727157 -0.901461
0.149502 0.287151 -0.310882
0.007569 -0.005733 0.002790
-0.003501 -0.011170 0.010815
-0.000372 0.000154 -0.000263
0.000059 0.000392 -0.000337
0.000001 -0.000038 0.000034
-42.599398 -35.554926 21.974300
0.210629 0.095174 -1.931132
0.041646 -0.014461 -0.039520
-0.031209 -0.034072 0.032285
-0.001343 0.007104 -0.006098
0.000770 0.000750 -0.000661
0.000086 -0.000317 0.000286
-0.000018 0.000024 -0.000019
-42.252929 -35.598935 17.781704
-0.007726 -0.149215 -1.900691
-0.110220 -0.039529 0.006265
-0.002808 0.017111 -0.008403
0.006715 0.001579 -0.000008
0.000127 -0.000961 0.001140
-0.000184 0.000054 -0.000010
0.000015 0.000002 -0.000016
-42.688037 -35.942740 13.584581
-0.277268 -0.101182 -1.877311
0.031922 0.038215 0.051475
0.035588 -0.002315 0.031462
0.000352 -0.004262 0.005774
-0.000765 -0.000024 -0.000641
0.000050 0.000088 -0.000259
0.000000 -0.000004 0.000030
-42.460178 -36.231930 9.517278
0.629621 -0.271282 -0.644793
0.225959 -0.128014 0.314471
-0.000068 -0.021597 -0.007482
-0.004371 0.002810 -0.010601
0.000120 0.000753 0.000144
0.000052 0.000002 0.000350
-0.000003 -0.000011 -0.000032
-38.768818 -38.435230 9.585159
1.625273 -1.067971 0.299907
0.066199 -0.014287 -0.025648
-0.022321 0.050853 -0.021200
0.001557 0.003874 0.008943
0.000454 -0.001313 0.000380
-0.000016 -0.000228 -0.000324
-0.000007 0.000040 0.000026
-34.797581 -40.362713 10.128947
1.701606 -0.342197 0.241406
0.001577 0.258169 0.061066
0.005800 -0.001660 0.027173
0.002388 -0.012210 -0.001771
-0.000586 0.000133 -0.001211
-0.000132 0.000433 0.000098
0.000020 -0.000041 0.000002
-30.025242 -39.934434 11.550741
1.808602 0.349370 0.796653
-0.010050 -0.043479 0.047515
-0.027078 -0.028887 -0.038125
-0.006383 0.008764 -0.005825
0.000315 0.000818 0.000727
0.000242 -0.000350 0.000139
-0.000023 0.000023 -0.000015
-25.465813 -39.226086 12.942713
0.347609 0.302041 -0.496276
-0.331302 0.118963 -0.326401
0.012080 0.016259 0.007950
0.009781 -0.006221 0.009194
-0.000426 -0.000506 -0.000359
-0.000312 0.000224 -0.000242
0.000033 -0.000015 0.000024
-26.364875 -37.516377 9.673815
-0.702418 0.830013 -1.603684
-0.034703 0.009617 -0.046143
0.024265 -0.026663 0.029924
-0.007273 0.001525 -0.005508
-0.000299 0.000857 -0.000497
0.000328 -0.000059 0.000226
-0.000032 -0.000008 -0.000016
-27.860565 -35.952419 6.350923
-0.760966 0.644864 -1.608622
-0.031770 -0.063544 0.003778
-0.010981 0.006943 -0.007181
0.000804 0.004283 -0.001233
0.000949 -0.000545 0.000859
-0.000125 -0.000169 -0.000005
0.000003 0.000023 -0.000008
-30.127202 -34.490257 2.117025
-0.958678 0.559899 -1.645516
0.002671 0.009015 0.025707
0.021856 -0.008617 0.023942
0.002131 -0.006101 0.004736
-0.000622 0.000003 -0.000297
-0.000077 0.000240 -0.000143
0.000011 -0.000019 0.000013
-32.605202 -33.398357 -1.941215
-0.332761 -0.249632 -0.259438
0.066159 -0.201279 0.312640
-0.033576 0.011761 -0.004762
-0.006151 0.008960 -0.008038
0.000665 -0.000002 -0.000044
0.000198 -0.000240 0.000167
-0.000020 0.000018 -0.000011
-35.124352 -35.263039 -0.017263
-1.408342 -0.083257 0.661059
-0.192777 0.248081 -0.125294
0.042677 0.012442 -0.032177
0.011749 -0.009428 0.005701
-0.000750 -0.000179 0.000362
-0.000323 0.000224 -0.000132
0.000030 -0.000017 0.000008
-37.818765 -34.687565 0.637774
-1.509298 0.698757 0.064964
0.165578 0.159627 -0.186567
0.077727 -0.040138 0.006712
-0.003655 -0.004035 0.004313
-0.002199 0.001077 -0.000527
0.000042 0.000018 -0.000040
0.000023 -0.000010 0.000008
-39.691795 -32.919876 0.072036
-0.107942 0.791126 -0.527080
0.386566 -0.103862 -0.083833
-0.026781 -0.029901 0.017547
-0.016522 0.005241 -0.001349
0.000462 0.000376 -0.000305
0.000379 -0.000129 0.000076
-0.000030 0.000007 -0.000005
-38.214546 -31.911467 -2.303513
-0.065367 -0.165753 -0.751167
-0.387545 -0.079953 -0.010831
-0.033221 0.017849 0.001593
0.016356 -0.000741 0.000194
0.000720 -0.000417 0.000079
-0.000355 0.000054 -0.000039
0.000020 -0.000002 0.000004
-41.060520 -32.680656 -4.389743
-1.657160 -0.336691 -0.760295
-0.013411 -0.013920 0.007843
0.094029 -0.003718 0.001902
0.000962 -0.002004 -0.000094
-0.001921 0.000114 0.000098
0.000032 0.000011 0.000041
0.000011 0.000001 -0.000008
-43.966091 -33.766472 -6.240543
-0.180768 -0.582042 -0.655704
0.471048 -0.092829 0.044189
0.005677 -0.011601 0.009717
-0.013844 0.001113 0.000718
0.000126 0.000418 -0.000325
0.000234 0.000029 -0.000096
-0.000017 -0.000008 0.000013
-40.865595 -36.615611 -7.642854
1.606585 -1.165827 -0.249602
-0.021568 -0.015410 0.021251
-0.069280 0.035073 -0.028605
0.004141 0.003635 -0.004601
0.000998 -0.000621 0.000534
-0.000141 -0.000139 0.000188
0.000007 0.000017 -0.000021
-37.601864 -39.243153 -9.190238
0.252956 -0.254807 -1.035579
-0.282942 0.245328 -0.217042
0.016665 -0.006400 0.008917
0.006960 -0.008379 0.009030
-0.000145 0.000171 -0.000128
0.000017 0.000225 -0.000260
-0.000012 -0.000022 0.000024
-38.094439 -38.840917 -12.280383
-0.474536 0.448924 -1.551733
0.011260 0.030692 0.028126
0.064765 -0.041444 0.046053
0.001944 0.001904 -0.002537
-0.001175 0.000928 -0.001129
-0.000171 -0.000112 0.000110
0.000031 0.000002 -0.000000
-38.365135 -38.051258 -15.284461
0.513876 0.108880 -0.924390
0.347420 -0.126563 0.173313
0.008342 -0.000019 -0.010953
-0.011957 0.004418 -0.006854
-0.000058 -0.000425 0.000375
0.000332 -0.000082 0.000106
-0.000030 0.000014 -0.000005
-35.219942 -38.444574 -16.881686
1.788913 -0.353503 -0.562433
0.088228 -0.047086 -0.053328
-0.052260 0.011410 -0.029766
0.001958 -0.000829 0.005062
0.001009 0.000197 0.001340
-0.000189 0.000166 0.000023
0.000013 -0.000030 -0.000034
-31.731508 -39.229916 -18.295627
1.640292 -0.400601 -0.872380
-0.131338 0.033809 -0.027532
-0.019933 0.021950 0.046846
0.004428 0.002803 0.010520
-0.000154 -0.000249 -0.001140
-0.000010 -0.000242 -0.000447
0.000000 0.000029 0.000056
-28.520445 -39.609406 -19.673269
0.822002 0.251396 0.219847
-0.139806 0.180575 0.398484
0.012986 -0.005017 0.011925
0.001704 -0.007315 -0.014978
-0.000242 0.000058 -0.000104
-0.000001 0.000281 0.000579
0.000000 -0.000027 -0.000060
-27.001737 -38.000553 -16.559675
0.420878 0.724436 1.765252
-0.006625 -0.026575 0.098767
0.013999 -0.018835 -0.040401
-0.001411 0.005689 0.005703
-0.000195 0.000463 0.000053
0.000007 -0.000232 -0.000560
0.000005 0.000018 0.000077
-26.071515 -36.680546 -12.782393
0.509111 0.573880 1.778188
0.032600 -0.006125 -0.092807
-0.001614 0.018567 -0.040847
-0.001484 0.001230 -0.005978
0.000325 -0.000793 -0.000044
0.000077 0.000029 0.000545
-0.000014 0.000005 -0.000056
-24.596264 -34.960194 -9.671407
0.637706 0.849292 0.335821
0.033498 0.082049 -0.427408
0.009139 -0.003532 -0.006192
0.001951 -0.003091 0.014135
-0.000439 0.000354 0.000610
-0.000176 0.000121 -0.000459
0.000025 -0.000016 0.000034
-22.310564 -32.057424 -11.471672
0.980150 1.137354 -1.133918
0.028057 0.039374 0.026601
-0.029026 0.008872 0.069401
-0.005876 0.003705 -0.005914
0.000734 -0.000306 -0.001525
0.000314 -0.000198 0.000209
-0.000042 0.000022 -0.000000
-20.279568 -28.862638 -13.366208
0.492188 1.575856 -0.274983
-0.197505 0.126999 0.213457
-0.004411 -0.003128 -0.018208
0.009595 -0.006501 -0.005983
0.000068 -0.000467 0.001508
-0.000405 0.000176 0.000207
0.000043 -0.000003 -0.000050
-19.979067 -25.457331 -13.268429
-0.088781 1.838706 0.294191
-0.063270 -0.035570 0.097950
0.034963 -0.046882 -0.002382
-0.001500 -0.001900 0.007675
-0.001226 0.001340 0.000019
0.000182 0.000135 -0.000464
-0.000006 -0.000034 0.000055
-20.182987 -22.255707 -12.188882
-0.033652 1.180738 0.848381
0.052437 -0.245942 0.196173
-0.000407 -0.004990 0.016086
-0.004347 0.010130 -0.004612
0.000499 0.000072 -0.000875
0.000102 -0.000344 0.000316
-0.000016 0.000032 -0.000030
-20.053723 -20.590321 -8.843779
0.079524 0.358427 1.799449
-0.008570 -0.032101 0.133694
-0.003056 0.036786 -0.026208
0.002667 -0.003854 -0.002113
-0.000055 -0.000979 0.000009
-0.000177 0.000203 -0.000197
0.000022 -0.000011 0.000035
-19.918974 -19.773381 -4.902213
0.065740 0.507688 1.924320
0.005063 0.058789 -0.102725
-0.000162 -0.007171 -0.055459
-0.002370 -0.004327 -0.004095
-0.000301 0.000583 0.000597
0.000137 0.000053 0.000294
-0.000010 -0.000008 -0.000033
-19.847620 -18.179201 -1.587982
-0.108518 0.491786 0.020710
-0.084202 -0.056365 -0.479997
-0.010838 -0.002630 0.004483
0.002113 0.004150 0.013083
0.000385 0.000170 -0.000065
-0.000056 -0.000102 -0.000371
0.000000 0.000004 0.000032
-21.118405 -16.875025 -5.221135
-0.613463 0.506747 -1.741680
-0.019981 0.096223 -0.015436
0.019292 0.015606 0.038547
-0.000197 -0.004256 -0.008600
-0.000666 -0.000942 -0.000383
-0.000054 -0.000014 0.000338
0.000019 0.000023 -0.000032
-22.435587 -15.209706 -9.020330
-0.504434 0.878066 -1.577316
0.030450 -0.015303 0.030613
-0.011415 -0.053067 -0.009839
-0.003978 -0.006414 0.000125
0.000699 0.001409 0.000767
0.000254 0.000359 -0.000169
-0.000039 -0.000056 0.000012
-23.701544 -13.988810 -12.798349
-0.592661 -0.168021 -1.531137
-0.028539 -0.338773 0.005537
0.017363 0.003566 0.002223
0.007541 0.014423 0.000236
-0.000438 -0.000341 -0.000265
-0.000409 -0.000597 0.000029
0.000057 0.000070 0.000000
-24.662052 -15.144238 -15.392865
-0.431330 -1.062042 -1.496717
0.136097 -0.139329 0.011571
0.032220 0.053446 -0.000982
-0.004205 -0.002463 -0.000731
-0.001141 -0.002171 0.000044
0.000272 0.000241 0.000032
-0.000022 0.000015 -0.000000
-24.907742 -17.012814 -17.762190
0.158880 -1.192120 -1.475793
0.201362 0.017338 0.000514
-0.006614 0.005293 -0.002006
-0.006050 -0.008487 0.000791
0.000286 0.000925 0.000331
0.000026 0.000405 0.000028
0.000000 -0.000056 -0.000009
-23.710022 -19.726603 -21.123222
0.735789 -1.213219 -1.419755
0.010518 -0.008779 0.051149
-0.040630 0.019758 0.020672
-0.000641 0.010519 0.002990
0.000667 0.000337 -0.000279
0.000030 -0.000491 -0.000117
-0.000008 0.000039 0.000011
-22.406273 -22.238264 -24.307411
-0.149835 0.143595 -0.391767
-0.208965 0.439854 0.239170
0.009644 0.015022 -0.002749
0.006042 -0.014236 -0.006331
-0.000334 -0.000796 -0.000128
-0.000136 0.000370 0.000133
0.000014 -0.000022 -0.000008
-23.993119 -18.903084 -23.943350
-0.759530 1.774769 0.398239
0.007551 -0.017531 -0.016739
0.020655 -0.090534 -0.042031
-0.004145 0.001714 0.001576
-0.000360 0.001878 0.000826
0.000133 -0.000053 -0.000019
-0.000009 -0.000011 -0.000005
-25.896837 -15.662764 -23.674091
-0.597907 0.152844 -0.342923
-0.003147 -0.368455 -0.149190
-0.014050 0.032080 0.021308
-0.000021 0.013445 0.006597
0.000458 -0.000828 -0.000427
-0.000037 -0.000264 -0.000128
-0.000000 0.000025 0.000012
-28.467798 -17.011421 -25.180620
-0.915417 -0.075955 -0.038841
-0.040731 0.278233 0.221209
0.009213 0.021075 0.014568
0.000940 -0.012707 -0.006381
-0.000363 -0.000038 -0.000025
-0.000041 0.000339 0.000166
0.000009 -0.000029 -0.000017
-31.317888 -15.063518 -23.395609
-0.971323 1.118212 1.127770
-0.009559 0.039277 0.117470
-0.009457 -0.034805 -0.023346
-0.001947 0.004930 -0.000566
0.000506 0.000632 -0.000246
0.000139 -0.000264 -0.000191
-0.000024 0.000020 0.000037
-33.513213 -12.747333 -20.738667
-1.141412 1.012679 1.239947
-0.053631 -0.050901 -0.093753
0.006129 -0.000778 -0.049582
0.004755 0.000520 -0.003840
0.000008 -0.000842 0.000774
-0.000218 0.000032 0.000352
0.000022 0.000007 -0.000046
-36.367958 -10.650436 -19.008732
-1.100654 0.664507 -0.056732
0.085018 -0.128518 -0.378370
0.017216 -0.027407 0.002732
-0.003423 -0.003327 0.013547
-0.000470 0.000500 0.000219
0.000152 0.000154 -0.000428
-0.000010 -0.000018 0.000033
-38.958614 -11.074327 -22.091555
-0.465528 -1.144823 -1.056794
0.048086 -0.298138 0.136365
-0.009850 0.025352 0.028497
0.001510 0.007587 -0.011545
0.000234 -0.000685 -0.000387
-0.000083 -0.000268 0.000370
0.000006 0.000036 -0.000029
-39.927955 -15.324652 -23.878499
-0.305355 -1.917300 -0.469805
0.030664 -0.010621 0.007658
0.001691 0.021992 -0.034889
-0.000270 -0.006552 0.002707
-0.000245 0.000109 0.001286
0.000021 0.000372 -0.000151
0.000000 -0.000042 0.000002
-40.489252 -19.883335 -25.297699
-0.173665 -1.809048 -0.744653
0.009824 0.051930 -0.042375
-0.009096 0.019565 0.026215
-0.001298 0.006403 0.005956
0.000081 0.000283 -0.000666
0.000024 -0.000348 -0.000117
-0.000001 0.000027 0.000013
-41.444683 -24.083008 -26.902729
-0.527140 -0.219087 0.204038
-0.106134 0.365494 0.265904
-0.004436 -0.009549 -0.001707
0.002472 -0.012108 -0.007725
0.000254 -0.000227 0.000141
-0.000007 0.000299 0.000195
-0.000007 -0.000020 -0.000019
-43.217658 -23.063152 -25.200300
-0.942288 0.782801 1.104590
-0.038051 -0.021433 0.079669
0.023148 -0.080164 -0.035927
0.001648 0.000551 0.001545
-0.000674 0.001630 0.000742
-0.000126 -0.000033 -0.000109
0.000027 -0.000011 0.000005
-44.942341 -22.156242 -23.082260
-0.852165 -0.017023 1.100208
0.071525 -0.362543 -0.058136
0.007225 -0.028999 -0.011083
-0.005168 0.011505 0.003812
-0.000165 0.000476 -0.000141
0.000218 -0.000175 -0.000050
-0.000018 0.000007 0.000005
-47.092344 -25.576421 -20.243616
-0.632558 -1.766828 0.752883
-0.016025 -0.014139 -0.021211
-0.000753 0.079093 0.008898
0.004773 0.001007 -0.000423
0.000168 -0.001301 -0.000059
-0.000183 -0.000013 0.000058
0.000014 0.000009 -0.000006
-48.983002 -29.030897 -17.490646
-0.217881 0.335801 0.920861
0.140667 0.402185 0.078066
0.002218 -0.030193 0.012362
-0.005079 -0.010261 -0.000338
-0.000080 0.000823 -0.000485
0.000159 0.000214 -0.000099
-0.000013 -0.000023 0.000016
-48.680850 -25.879743 -14.015682
0.271860 1.362376 1.424831
-0.003140 -0.051591 0.012818
-0.018054 -0.033620 -0.041835
0.002704 0.008660 -0.006493
0.000383 0.000406 0.000554
-0.000106 -0.000262 0.000218
0.000006 0.000019 -0.000020
-48.118404 -22.357807 -11.025977
0.085868 0.961421 -0.024238
-0.009239 0.010301 -0.407905
0.008890 0.017129 -0.002510
-0.000353 -0.003251 0.012267
-0.000341 -0.000586 0.000385
0.000030 0.000157 -0.000236
0.000002 -0.000010 0.000012
-47.853110 -19.711243 -13.288869
0.140002 1.090983 -1.388701
0.011784 -0.005975 -0.005895
-0.004082 -0.016843 0.086646
-0.000631 -0.001183 0.000831
0.000388 0.000450 -0.001647
0.000065 -0.000022 -0.000029
-0.000013 0.000001 0.000017
-47.437313 -17.151405 -15.562287
0.187122 0.700405 0.117924
0.038810 -0.121732 0.436261
0.018118 -0.004678 -0.003915
0.002546 0.002824 -0.012863
-0.000595 0.000175 0.000481
-0.000187 -0.000012 0.000293
0.000024 -0.000003 -0.000028
-45.780758 -15.951920 -11.572443
0.832771 0.198544 1.738403
0.032823 0.034350 0.014849
-0.047430 0.029128 -0.027056
-0.006906 -0.000627 0.007312
0.001363 -0.000854 -0.000269
0.000382 -0.000091 -0.000367
-0.000056 0.000023 0.000045
-44.308151 -14.842417 -7.226380
0.026716 0.710316 1.558278
-0.256165 0.081548 -0.084323
0.016752 -0.030465 -0.025385
0.015161 -0.007099 -0.005532
-0.000568 0.000911 0.000407
-0.000631 0.000319 0.000455
0.000067 -0.000041 -0.000053
