0000.png -1.473463 15.804052 -5.818537
0001.png -1.473043 15.804468 -5.819381
0002.png -1.467152 15.809842 -5.830407
0003.png -1.443527 15.829431 -5.871099
0004.png -1.385036 15.873002 -5.963036
0005.png -1.272222 15.947600 -6.123573
0006.png -1.085576 16.055623 -6.361969
0007.png -0.807509 16.194009 -6.677603
0008.png -0.424008 16.354360 -7.059934
0009.png 0.074019 16.523791 -7.489828
0010.png 0.689757 16.686321 -7.941911
0011.png 1.419844 16.824625 -8.387596
0012.png 2.254104 16.921932 -8.798402
0013.png 3.175673 16.963897 -9.149239
0014.png 4.161520 16.940252 -9.421286
0015.png 5.183392 16.846031 -9.604100
0016.png 6.209183 16.682207 -9.696646
0017.png 7.204699 16.455643 -9.707052
0018.png 8.135707 16.178420 -9.651266
0019.png 8.970131 15.866693 -9.550854
0020.png 9.680249 15.539198 -9.430226
0021.png 10.244757 15.215556 -9.313563
0022.png 10.650545 14.914518 -9.221721
0023.png 10.894054 14.652283 -9.169388
0024.png 10.982067 14.441037 -9.162768
0025.png 10.931792 14.287844 -9.198068
0026.png 10.770092 14.194034 -9.261071
0027.png 10.531742 14.155220 -9.328032
0028.png 10.256685 14.161998 -9.368016
0029.png 9.986532 14.201218 -9.346368
0030.png 9.760662 14.257644 -9.228888
0031.png 9.612289 14.315801 -8.986212
0032.png 9.564872 14.361806 -8.597947
0033.png 9.629235 14.384996 -8.056052
0034.png 9.801776 14.379144 -7.367027
0035.png 10.064125 14.343069 -6.552403
0036.png 10.384624 14.280451 -5.647080
0037.png 10.721799 14.198731 -4.695291
0038.png 11.029360 14.107327 -3.744769
0039.png 11.261714 14.015601 -2.840428
0040.png 11.378903 13.931114 -2.018902
0041.png 11.350264 13.858465 -1.304872
0042.png 11.156667 13.798772 -0.709263
0043.png 10.791525 13.749692 -0.229069
0044.png 10.260727 13.705886 0.151462
0045.png 9.581677 13.659817 0.458587
0046.png 8.781628 13.602783 0.726012
0047.png 7.895476 13.526089 0.991327
0048.png 6.963197 13.422248 1.292198
0049.png 6.027107 13.286102 1.662592
0050.png 5.129118 13.115785 2.129314
0051.png 4.308170 12.913399 2.709135
0052.png 3.598022 12.685313 3.406789
0053.png 3.025566 12.441985 4.214106
0054.png 2.609825 12.197229 5.110504
0055.png 2.361657 11.966967 6.064808
0056.png 2.284052 11.767604 7.038103
0057.png 2.372926 11.614223 7.987284
0058.png 2.618263 11.518739 8.868973
0059.png 3.005486 11.488221 9.643446
0060.png 3.516940 11.523534 10.278239
0061.png 4.133345 11.618482 10.751089
0062.png 4.835112 11.759627 11.051870
0063.png 5.603390 11.926936 11.183202
0064.png 6.420780 12.095300 11.159639
0065.png 7.271752 12.236721 11.005636
0066.png 8.142805 12.322920 10.752687
0067.png 9.022451 12.328081 10.435978
0068.png 9.901067 12.231462 10.090952
0069.png 10.770701 12.019590 9.750148
0070.png 11.624865 11.687783 9.440682
0071.png 12.458404 11.240702 9.182756
0072.png 13.267469 10.691757 8.989463
0073.png 14.049589 10.061421 8.867820
0074.png 14.803768 9.374778 8.820638
0075.png 15.530522 8.658710 8.848726
0076.png 16.231772 7.939108 8.952971
0077.png 16.910507 7.238489 9.135795
0078.png 17.570150 6.574384 9.401564
0079.png 18.213637 5.958658 9.755826
0080.png 18.842360 5.397608 10.203683
0081.png 19.455154 4.892621 10.747761
0082.png 20.047518 4.441145 11.386239
0083.png 20.611247 4.037738 12.111406
0084.png 21.134637 3.674985 12.909116
0085.png 21.603243 3.344209 13.759237
0086.png 22.001062 3.035988 14.636886
0087.png 22.311999 2.740532 15.514255
0088.png 22.521448 2.447948 16.362766
0089.png 22.617842 2.148450 17.155349
0090.png 22.594012 1.832546 17.868602
0091.png 22.448204 1.491244 18.484600
0092.png 22.184608 1.116329 18.992150
0093.png 21.813321 0.700713 19.387342
0094.png 21.349798 0.238850 19.673459
0095.png 20.813884 -0.272817 19.860338
0096.png 20.228538 -0.835427 19.963295
0097.png 19.618354 -1.447302 20.001725
0098.png 19.007973 -2.103634 19.997500
0099.png 18.420508 -2.796288 19.973258
0100.png 17.876074 -3.513745 19.950712
0101.png 17.390527 -4.241241 19.949076
0102.png 16.974531 -4.961117 19.983739
0103.png 16.633035 -5.653433 20.065271
0104.png 16.365290 -6.296862 20.198904
0105.png 16.165444 -6.869902 20.384538
0106.png 16.023692 -7.352305 20.617269
0107.png 15.927778 -7.726631 20.888311
0108.png 15.864707 -7.979744 21.186173
0109.png 15.822446 -8.104131 21.497982
0110.png 15.791460 -8.098889 21.810779
0111.png 15.765872 -7.970229 22.112692
0112.png 15.744103 -7.731379 22.393836
0113.png 15.728901 -7.401833 22.646887
0114.png 15.726839 -7.006056 22.867333
0115.png 15.747401 -6.571785 23.053472
0116.png 15.801771 -6.128056 23.206186
0117.png 15.901448 -5.703135 23.328546
0118.png 16.056821 -5.322466 23.425300
0119.png 16.275803 -5.006801 23.502299
0120.png 16.562665 -4.770656 23.565891
0121.png 16.917188 -4.621236 23.622352
0122.png 17.334237 -4.557966 23.677393
0123.png 17.803834 -4.572698 23.735774
0124.png 18.311680 -4.650540 23.801036
0125.png 18.840033 -4.771155 23.875328
0126.png 19.368842 -4.910416 23.959341
0127.png 19.877050 -5.042264 24.052311
0128.png 20.343947 -5.140644 24.152096
0129.png 20.750498 -5.181375 24.255314
0130.png 21.080535 -5.143824 24.357533
0131.png 21.321712 -5.012244 24.453484
0132.png 21.466161 -4.776666 24.537321
0133.png 21.510802 -4.433320 24.602878
0134.png 21.457363 -3.984630 24.643951
0135.png 21.312131 -3.438843 24.654576
0136.png 21.085491 -2.809351 24.629303
0137.png 20.791278 -2.113774 24.563462
0138.png 20.445996 -1.372859 24.453405
0139.png 20.067938 -0.609247 24.296729
0140.png 19.676251 0.153807 24.092460
0141.png 19.289979 0.893727 23.841202
0142.png 18.927143 1.589844 23.545231
0143.png 18.603873 2.224503 23.208548
0144.png 18.333656 2.783992 22.836855
0145.png 18.126733 3.259229 22.437475
0146.png 17.989673 3.646144 22.019186
0147.png 17.925175 3.945723 21.591989
0148.png 17.932070 4.163735 21.166794
0149.png 18.005514 4.310174 20.755060
0150.png 18.137328 4.398498 20.368399
0151.png 18.316468 4.444708 20.018156
0152.png 18.529583 4.466324 19.714995
0153.png 18.761644 4.481320 19.468492
0154.png 18.996607 4.507073 19.286766
0155.png 19.218074 4.559383 19.176159
0156.png 19.409938 4.651622 19.140979
0157.png 19.556972 4.794069 19.183336
0158.png 19.645336 4.993475 19.303061
0159.png 19.662990 5.252877 19.497744
0160.png 19.600021 5.571642 19.762846
0161.png 19.448884 5.945689 20.091893
0162.png 19.204558 6.367887 20.476737
0163.png 18.864633 6.828571 20.907859
0164.png 18.429327 7.316165 21.374716
0165.png 17.901437 7.817866 21.866106
0166.png 17.286233 8.320365 22.370543
0167.png 16.591298 8.810569 22.876633
0168.png 15.826324 9.276301 23.373426
0169.png 15.002860 9.706933 23.850743
0170.png 14.134027 10.093932 24.299458
0171.png 13.234201 10.431285 24.711722
0172.png 12.318667 10.715769 25.081117
0173.png 11.403257 10.947031 25.402728
0174.png 10.503970 11.127487 25.673128
0175.png 9.636585 11.262032 25.890280
0176.png 8.816276 11.357615 26.053387
0177.png 8.057238 11.422706 26.162679
0178.png 7.372326 11.466692 26.219184
0179.png 6.772725 11.499228 26.224471
0180.png 6.267648 11.529588 26.180397
0181.png 5.864078 11.566050 26.088873
0182.png 5.566566 11.615337 25.951650
0183.png 5.377075 11.682164 25.770163
0184.png 5.294900 11.768915 25.545428
0185.png 5.316658 11.875489 25.278021
0186.png 5.436357 11.999326 24.968140
0187.png 5.645536 12.135600 24.615734
0188.png 5.933471 12.277560 24.220704
0189.png 6.287439 12.416980 23.783140
0190.png 6.693029 12.544697 23.303588
0191.png 7.134494 12.651205 22.783335
0192.png 7.595140 12.727283 22.224687
0193.png 8.057728 12.764622 21.631230
0194.png 8.504908 12.756429 21.008062
0195.png 8.919646 12.697969 20.361970
0196.png 9.285664 12.587040 19.701551
0197.png 9.587858 12.424322 19.037245
0198.png 9.812715 12.213597 18.381279
0199.png 9.948692 11.961805 17.747498
0200.png 9.986572 11.678898 17.151072
0201.png 9.919771 11.377479 16.608055
0202.png 9.744604 11.072191 16.134797
0203.png 9.460489 10.778845 15.747194
0204.png 9.070083 10.513347 15.459812
0205.png 8.579345 10.290487 15.284950
0206.png 7.997513 10.122696 15.231705
0207.png 7.336978 10.018844 15.305094
0208.png 6.613056 9.983174 15.505298
0209.png 5.843646 10.014458 15.827106
0210.png 5.048755 10.105464 16.259594
0211.png 4.249892 10.242816 16.786128
0212.png 3.469309 10.407339 17.384735
0213.png 2.729095 10.574980 18.028922
0214.png 2.050092 10.718380 18.688990
0215.png 1.450644 10.809199 19.333912
0216.png 0.945189 10.821181 19.933776
0217.png 0.542831 10.733651 20.462578
0218.png 0.246165 10.534777 20.900884
0219.png 0.050628 10.223889 21.237877
0220.png -0.055386 9.812253 21.472353
0221.png -0.089637 9.322198 21.612583
0222.png -0.074526 8.784919 21.675216
0223.png -0.035172 8.237342 21.683474
0224.png 0.002725 7.718468 21.664882
0225.png 0.015046 7.265594 21.648776
0226.png -0.018788 6.910814 21.663840
0227.png -0.114229 6.678202 21.735902
0228.png -0.280586 6.582029 21.886228
0229.png -0.520626 6.626144 22.130393
0230.png -0.830735 6.804363 22.477698
0231.png -1.201513 7.101680 22.931059
0232.png -1.618720 7.496081 23.487290
0233.png -2.064457 7.960759 24.137699
0234.png -2.518464 8.466506 24.868934
0235.png -2.959458 8.984105 25.663988
0236.png -3.366377 9.486477 26.503300
0237.png -3.719439 9.950413 27.365862
0238.png -4.000963 10.357754 28.230295
0239.png -4.195941 10.696042 29.075847
0240.png -4.292399 10.958692 29.883299
0241.png -4.281579 11.144770 30.635766
0242.png -4.157984 11.258444 31.319367
0243.png -3.919301 11.308174 31.923757
0244.png -3.566252 11.305712 32.442492
0245.png -3.102402 11.264988 32.873217
0246.png -2.533953 11.200948 33.217656
0247.png -1.869563 11.128413 33.481389
0248.png -1.120215 11.061036 33.673395
0249.png -0.299155 11.010397 33.805377
0250.png 0.578135 10.985276 33.890916
0251.png 1.493973 10.991114 33.944521
0252.png 2.428571 11.029668 33.980661
0253.png 3.360230 11.098883 34.012835
0254.png 4.265683 11.192984 34.052770
0255.png 5.120645 11.302808 34.109808
0256.png 5.900592 11.416381 34.190559
0257.png 6.581798 11.519733 34.298850
0258.png 7.142543 11.597883 34.435945
0259.png 7.564387 11.635905 34.600953
0260.png 7.833394 11.619993 34.791352
0261.png 7.941182 11.538432 35.003559
0262.png 7.885694 11.382370 35.233461
0263.png 7.671575 11.146333 35.476843
0264.png 7.310103 10.828418 35.729668
0265.png 6.818708 10.430198 35.988214
0266.png 6.220146 9.956385 36.249092
0267.png 5.541404 9.414299 36.509180
0268.png 4.812394 8.813200 36.765474
0269.png 4.064516 8.163523 37.014911
0270.png 3.329152 7.476073 37.254163
0271.png 2.636168 6.761225 37.479445
0272.png 2.012486 6.028190 37.686350
0273.png 1.480799 5.284378 37.869742
0274.png 1.058504 4.534928 38.023734
0275.png 0.756912 3.782441 38.141768
0276.png 0.580808 3.026971 38.216828
0277.png 0.528439 2.266326 38.241810
0278.png 0.591949 1.496691 38.210052
0279.png 0.758231 0.713523 38.115992
0280.png 1.010090 -0.087376 37.955886
0281.png 1.327617 -0.908730 37.728515
0282.png 1.689665 -1.750702 37.435824
0283.png 2.075328 -2.609954 37.083403
0284.png 2.465311 -3.478976 36.680762
0285.png 2.843093 -4.345776 36.241316
0286.png 3.195778 -5.194046 35.782023
0287.png 3.514540 -6.003879 35.322624
0288.png 3.794688 -6.752998 34.884518
0289.png 4.035376 -7.418351 34.489384
0290.png 4.239070 -7.977950 34.157667
0291.png 4.410823 -8.412762 33.907040
0292.png 4.557444 -8.708538 33.750965
0293.png 4.686642 -8.857404 33.697465
0294.png 4.806205 -8.859064 33.748240
0295.png 4.923315 -8.721476 33.898222
0296.png 5.044043 -8.460838 34.135705
0297.png 5.173112 -8.100795 34.443111
0298.png 5.313893 -7.670914 34.798343
0299.png 5.468603 -7.204611 35.176573
0300.png 5.638646 -6.736702 35.552300
0301.png 5.825027 -6.300782 35.901521
0302.png 6.028803 -5.926601 36.203844
0303.png 6.251497 -5.637641 36.444382
0304.png 6.495420 -5.449075 36.615267
0305.png 6.763861 -5.366299 36.716614
0306.png 7.061064 -5.384217 36.756776
0307.png 7.391949 -5.487476 36.751727
0308.png 7.761540 -5.651797 36.723442
0309.png 8.174112 -5.846334 36.697370
0310.png 8.632223 -6.036713 36.699355
0311.png 9.135761 -6.188321 36.752470
0312.png 9.681213 -6.269392 36.874207
0313.png 10.261283 -6.253491 37.074473
0314.png 10.864962 -6.121110 37.354633
0315.png 11.478005 -5.860430 37.707547
0316.png 12.083735 -5.467352 38.118415
0317.png 12.664064 -4.944956 38.566252
0318.png 13.200658 -4.302518 39.025785
0319.png 13.676139 -3.554240 39.469585
0320.png 14.075242 -2.717818 39.870252
0321.png 14.385818 -1.812996 40.202450
0322.png 14.599619 -0.860257 40.444605
0323.png 14.712782 0.120287 40.580162
0324.png 14.726030 1.109749 40.598361
0325.png 14.644616 2.091115 40.494603
0326.png 14.478041 3.049677 40.270443
0327.png 14.239584 3.973305 39.933254
0328.png 13.945670 4.852543 39.495624
0329.png 13.615115 5.680581 38.974522
0330.png 13.268277 6.453101 38.390293
0331.png 12.926150 7.168030 37.765513
0332.png 12.609424 7.825220 37.123785
0333.png 12.337564 8.426066 36.488481
0334.png 12.127911 8.973095 35.881522
0335.png 11.994870 9.469538 35.322216
0336.png 11.949195 9.918914 34.826210
0337.png 11.997411 10.324635 34.404612
0338.png 12.141410 10.689661 34.063325
0339.png 12.378250 11.016227 33.802643
0340.png 12.700185 11.305655 33.617156
0341.png 13.094973 11.558283 33.496018
0342.png 13.546474 11.773513 33.423619
0343.png 14.035568 11.950008 33.380687
0344.png 14.541324 12.086007 33.345729
0345.png 15.042328 12.179714 33.296706
0346.png 15.518057 12.229723 33.212768
0347.png 15.950210 12.235429 33.075930
0348.png 16.323864 12.197378 32.872531
0349.png 16.628372 12.117524 32.594335
0350.png 16.857896 11.999329 32.239151
0351.png 17.011547 11.847721 31.810928
0352.png 17.093181 11.668910 31.319379
0353.png 17.110886 11.470090 30.779220
0354.png 17.076257 11.259070 30.209104
0355.png 17.003488 11.043842 29.630340
0356.png 16.908360 10.832128 29.065479
0357.png 16.807186 10.630925 28.536854
0358.png 16.715759 10.446086 28.065144
0359.png 16.648388 10.281949 27.668077
0360.png 16.617063 10.141061 27.359320
0361.png 16.630818 10.024004 27.147666
0362.png 16.695340 9.929370 27.036585
0363.png 16.812852 9.853859 27.024140
0364.png 16.982214 9.792508 27.103247
0365.png 17.199228 9.739014 27.262208
0366.png 17.457101 9.686127 27.485469
0367.png 17.747018 9.626093 27.754546
0368.png 18.058801 9.551126 28.049056
0369.png 18.381607 9.453875 28.347807
0370.png 18.704629 9.327878 28.629882
0371.png 19.017757 9.167959 28.875672
0372.png 19.312169 8.970567 29.067784
0373.png 19.580804 8.734014 29.191792
0374.png 19.818699 8.458612 29.236764
0375.png 20.023171 8.146686 29.195580
0376.png 20.193877 7.802505 29.065049
0377.png 20.332750 7.432118 28.845857
0378.png 20.443838 7.043119 28.542354
0379.png 20.533056 6.644357 28.162223
0380.png 20.607878 6.245600 27.716045
0381.png 20.676967 5.857167 27.216780
0382.png 20.749777 5.489543 26.679194
0383.png 20.836132 5.152989 26.119254
0384.png 20.945803 4.857156 25.553509
0385.png 21.088099 4.610733 24.998498
0386.png 21.271484 4.421119 24.470176
0387.png 21.503244 4.294146 23.983421
0388.png 21.789210 4.233872 23.551615
0389.png 22.133558 4.242435 23.186325
0390.png 22.538678 4.319982 22.897094
0391.png 23.005119 4.464668 22.691314
0392.png 23.531581 4.672706 22.574194
0393.png 24.114981 4.938478 22.548793
0394.png 24.750554 5.254685 22.616115
0395.png 25.432000 5.612539 22.775266
0396.png 26.151672 6.001994 23.023646
0397.png 26.900787 6.411995 23.357176
0398.png 27.669669 6.830754 23.770552
0399.png 28.448003 7.246042 24.257509
0400.png 29.225101 7.645477 24.811088
0401.png 29.990175 8.016832 25.423900
0402.png 30.732612 8.348319 26.088372
0403.png 31.442231 8.628876 26.796961
0404.png 32.109534 8.848432 27.542343
0405.png 32.725937 8.998140 28.317546
0406.png 33.283972 9.070595 29.116031
0407.png 33.777456 9.060002 29.931716
0408.png 34.201635 8.962320 30.758948
0409.png 34.553291 8.775363 31.592437
0410.png 34.830816 8.498869 32.427153
0411.png 35.034258 8.134523 33.258211
0412.png 35.165328 7.685957 34.080742
0413.png 35.227381 7.158697 34.889764
0414.png 35.225353 6.560084 35.680066
0415.png 35.165678 5.899148 36.446117
0416.png 35.056155 5.186449 37.181997
0417.png 34.905794 4.433875 37.881382
0418.png 34.724624 3.654398 38.537574
0419.png 34.523455 2.861799 39.143595
0420.png 34.313623 2.070345 39.692359
0421.png 34.106684 1.294423 40.176921
0422.png 33.914089 0.548149 40.590808
0423.png 33.746827 -0.155054 40.928414
0424.png 33.615072 -0.802884 41.185420
0425.png 33.527830 -1.384576 41.359221
0426.png 33.492613 -1.891296 41.449324
0427.png 33.515143 -2.316490 41.457692
0428.png 33.599106 -2.656180 41.388999
0429.png 33.745971 -2.909179 41.250776
0430.png 33.954881 -3.077227 41.053412
0431.png 34.222640 -3.165007 40.809980
0432.png 34.543799 -3.180053 40.535866
0433.png 34.910853 -3.132521 40.248187
0434.png 35.314541 -3.034834 39.965015
0435.png 35.744225 -2.901243 39.704472
0436.png 36.188321 -2.747294 39.483743
0437.png 36.634776 -2.589250 39.318062
0438.png 37.071551 -2.443480 39.219715
0439.png 37.487099 -2.325833 39.197138
0440.png 37.870817 -2.251033 39.254139
0441.png 38.213437 -2.232097 39.389309
0442.png 38.507353 -2.279823 39.595681
0443.png 38.746844 -2.402351 39.860680
0444.png 38.928193 -2.604826 40.166422
0445.png 39.049646 -2.889185 40.490424
0446.png 39.111235 -3.254098 40.806759
0447.png 39.114421 -3.695051 41.087656
0448.png 39.061627 -4.204580 41.305430
0449.png 38.955688 -4.772625 41.434582
0450.png 38.799281 -5.386974 41.453907
0451.png 38.594381 -6.033785 41.348441
0452.png 38.341800 -6.698156 41.111097
0453.png 38.040857 -7.364722 40.743806
0454.png 37.689234 -8.018252 40.258016
0455.png 37.283058 -8.644229 39.674381
0456.png 36.817283 -9.229383 39.021487
0457.png 36.286349 -9.762163 38.333581
0458.png 35.685077 -10.233133 37.647533
0459.png 35.009701 -10.635287 36.999348
0460.png 34.258903 -10.964270 36.420591
0461.png 33.434784 -11.218503 35.935057
0462.png 32.543638 -11.399200 35.556059
0463.png 31.596435 -11.510273 35.284644
0464.png 30.608906 -11.558116 35.109124
0465.png 29.601138 -11.551252 35.006200
0466.png 28.596663 -11.499878 34.943720
0467.png 27.621150 -11.415312 34.884633
0468.png 26.700880 -11.309408 34.791551
0469.png 25.861141 -11.193966 34.631288
0470.png 25.124748 -11.080199 34.378778
0471.png 24.510800 -10.978278 34.019799
0472.png 24.033802 -10.896994 33.552224
0473.png 23.703113 -10.843524 32.985903
0474.png 23.522713 -10.823294 32.341419
0475.png 23.491233 -10.839930 31.647953
0476.png 23.602219 -10.895283 30.940504
0477.png 23.844594 -10.989515 30.256702
0478.png 24.203284 -11.121239 29.633467
0479.png 24.659959 -11.287706 29.103739
0480.png 25.193867 -11.485007 28.693545
0481.png 25.782718 -11.708313 28.419613
0482.png 26.403582 -11.952106 28.287815
0483.png 27.033762 -12.210417 28.292612
0484.png 27.651619 -12.477051 28.417580
0485.png 28.237338 -12.745797 28.636836
0486.png 28.773597 -13.010618 28.917170
0487.png 29.246156 -13.265831 29.220634
0488.png 29.644321 -13.506250 29.507393
0489.png 29.961290 -13.727315 29.738592
0490.png 30.194353 -13.925190 29.879034
0491.png 30.344939 -14.096829 29.899441
0492.png 30.418496 -14.240008 29.778115
0493.png 30.424212 -14.353331 29.501953
0494.png 30.374595 -14.436202 29.066852
0495.png 30.284943 -14.488777 28.477588
0496.png 30.172708 -14.511895 27.747239
0497.png 30.056800 -14.506991 26.896217
0498.png 29.956833 -14.475997 25.950984
0499.png 29.892352 -14.421236 24.942533
0500.png 29.882050 -14.345309 23.904684
0501.png 29.943003 -14.250984 22.872293
0502.png 30.089956 -14.141085 21.879418
0503.png 30.334654 -14.018388 20.957544
0504.png 30.685281 -13.885534 20.133907
0505.png 31.145990 -13.744944 19.430016
0506.png 31.716572 -13.598769 18.860429
0507.png 32.392281 -13.448846 18.431853
0508.png 33.163825 -13.296693 18.142653
0509.png 34.017570 -13.143526 17.982831
0510.png 34.935951 -12.990317 17.934545
0511.png 35.898124 -12.837877 17.973199
0512.png 36.880801 -12.686977 18.069040
0513.png 37.859246 -12.538472 18.189092
0514.png 38.808352 -12.393429 18.299311
0515.png 39.703746 -12.253237 18.366771
0516.png 40.522872 -12.119693 18.361759
0517.png 41.245988 -11.995034 18.259599
0518.png 41.857023 -11.881922 18.042075
0519.png 42.344238 -11.783350 17.698299
0520.png 42.700668 -11.702480 17.224976
0521.png 42.924338 -11.642422 16.626126
0522.png 43.018286 -11.605974 15.912369
0523.png 42.990392 -11.595346 15.099858
0524.png 42.853038 -11.611873 14.208974
0525.png 42.622610 -11.655754 13.262882
0526.png 42.318866 -11.725827 12.286040
0527.png 41.964172 -11.819393 11.302775
0528.png 41.582638 -11.932124 10.336007
0529.png 41.199156 -12.058054 9.406241
0530.png 40.838380 -12.189671 8.530848
0531.png 40.523678 -12.318106 7.723640
0532.png 40.276101 -12.433379 6.994699
0533.png 40.113422 -12.524727 6.350426
0534.png 40.049272 -12.580965 5.793771
0535.png 40.092431 -12.590890 5.324620
0536.png 40.246316 -12.543696 4.940293
0537.png 40.508704 -12.429400 4.636120
0538.png 40.871733 -12.239261 4.406070
0539.png 41.322235 -11.966169 4.243382
0540.png 41.842430 -11.605008 4.141181
0541.png 42.410967 -11.152964 4.093035
0542.png 43.004245 -10.609781 4.093446
0543.png 43.597906 -9.977959 4.138245
0544.png 44.168404 -9.262885 4.224879
0545.png 44.694544 -8.472891 4.352574
0546.png 45.158894 -7.619233 4.522352
0547.png 45.548971 -6.715991 4.736878
0548.png 45.858088 -5.779876 5.000137
0549.png 46.085776 -4.829941 5.316903
0550.png 46.237670 -3.887193 5.691994
0551.png 46.324780 -2.974099 6.129300
0552.png 46.362146 -2.113986 6.630631
0553.png 46.367063 -1.330350 7.194500
0554.png 46.357066 -0.646087 7.815020
0555.png 46.347904 -0.082670 8.481050
0556.png 46.351721 0.340732 9.175756
0557.png 46.375664 0.608148 9.876745
0558.png 46.421118 0.707725 10.556934
0559.png 46.483763 0.632632 11.186245
0560.png 46.554432 0.381897 11.734065
0561.png 46.620587 -0.038885 12.172182
0562.png 46.668195 -0.617085 12.477894
0563.png 46.683784 -1.332880 12.636987
0564.png 46.656447 -2.159494 12.646251
0565.png 46.579590 -3.063923 12.515233
0566.png 46.452172 -4.008236 12.266912
0567.png 46.279248 -4.951537 11.936988
0568.png 46.071577 -5.852642 11.571479
0569.png 45.844251 -6.673436 11.222627
0570.png 45.614588 -7.382468 10.943611
0571.png 45.399700 -7.958264 10.782924
0572.png 45.214191 -8.391753 10.779259
0573.png 45.068379 -8.687256 10.957750
0574.png 44.967360 -8.861703 11.328119
0575.png 44.910897 -8.942247 11.884722
0576.png 44.893988 -8.962688 12.608126
0577.png 44.907943 -8.959165 13.467862
0578.png 44.941809 -8.965566 14.425974
0579.png 44.983955 -9.009100 15.440981
0580.png 45.023671 -9.106500 16.471886
0581.png 45.052601 -9.261290 17.481846
0582.png 45.065836 -9.462574 18.441146
0583.png 45.062521 -9.685764 19.329096
0584.png 45.045885 -9.895383 20.134686
0585.png 45.022749 -10.049519 20.856121
0586.png 45.002647 -10.105345 21.499477
0587.png 44.996653 -10.025045 22.076759
0588.png 45.016074 -9.781500 22.603620
0589.png 45.071094 -9.363120 23.097005
0590.png 45.169528 -8.777149 23.572996
0591.png 45.315778 -8.050834 24.045117
0592.png 45.510137 -7.229817 24.523355
0593.png 45.748511 -6.373430 25.014082
0594.png 46.022571 -5.547585 25.520747
0595.png 46.320244 -4.816640 26.044991
0596.png 46.626447 -4.235771 26.587824
0597.png 46.923993 -3.845215 27.150516
0598.png 47.194589 -3.666914 27.735063
0599.png 47.419878 -3.703411 28.344267
0600.png 47.582511 -3.938632 28.981482
0601.png 47.667172 -4.340210 29.650132
0602.png 47.661552 -4.863001 30.353049
0603.png 47.557208 -5.453425 31.091716
0604.png 47.350279 -6.054303 31.865493
0605.png 47.042019 -6.609816 32.670898
0606.png 46.639101 -7.070244 33.501011
0607.png 46.153660 -7.396132 34.345087
0608.png 45.603034 -7.561532 35.188447
0609.png 45.009156 -7.555960 36.012719
0610.png 44.397579 -7.384760 36.796498
0611.png 43.796132 -7.067767 37.516435
0612.png 43.233316 -6.636547 38.148641
0613.png 42.736567 -6.130630 38.670277
0614.png 42.330504 -5.593169 39.061187
0615.png 42.035304 -5.066454 39.305423
0616.png 41.865329 -4.587700 39.392524
0617.png 41.828131 -4.185557 39.318413
0618.png 41.923967 -3.877739 39.085752
0619.png 42.145892 -3.670048 38.703710
0620.png 42.480378 -3.556721 38.187166
0621.png 42.908372 -3.521853 37.555490
0622.png 43.406657 -3.541651 36.831021
0623.png 43.949425 -3.587230 36.037384
0624.png 44.509929 -3.627725 35.197759
0625.png 45.062126 -3.633423 34.333249
0626.png 45.582168 -3.578676 33.461466
0627.png 46.049657 -3.444327 32.595470
0628.png 46.448536 -3.219387 31.743194
0629.png 46.767520 -2.901742 30.907449
0630.png 47.000067 -2.497857 30.086523
0631.png 47.143953 -2.021638 29.275251
0632.png 47.200551 -1.492664 28.466410
0633.png 47.173920 -0.934008 27.652293
0634.png 47.069797 -0.369858 26.826321
0635.png 46.894595 0.176837 25.984538
0636.png 46.654501 0.686493 25.126842
0637.png 46.354777 1.144562 24.257819
0638.png 45.999362 1.542562 23.387027
0639.png 45.590784 1.878374 22.528716
0640.png 45.130366 2.155912 21.701032
0641.png 44.618641 2.384268 20.924848
0642.png 44.055912 2.576483 20.222328
0643.png 43.442892 2.748079 19.615342
0644.png 42.781348 2.915469 19.123861
0645.png 42.074689 3.094400 18.764439
0646.png 41.328421 3.298546 18.548908
0647.png 40.550405 3.538390 18.483405
0648.png 39.750875 3.820489 18.567807
0649.png 38.942214 4.147133 18.795583
0650.png 38.138535 4.516350 19.154021
0651.png 37.355096 4.922209 19.624766
0652.png 36.607605 5.355368 20.184620
0653.png 35.911451 5.803808 20.806553
0654.png 35.280895 6.253713 21.460873
0655.png 34.728275 6.690432 22.116488
0656.png 34.263267 7.099485 22.742229
0657.png 33.892230 7.467539 23.308158
0658.png 33.617691 7.783331 23.786823
0659.png 33.438006 8.038453 24.154394
0660.png 33.347245 8.227981 24.391644
0661.png 33.335325 8.350865 24.484701
0662.png 33.388464 8.410050 24.425529
0663.png 33.489960 8.412266 24.212090
0664.png 33.621349 8.367454 23.848129
0665.png 33.763848 8.287873 23.342621
0666.png 33.899942 8.186993 22.708921
0667.png 34.014945 8.078297 21.963724
0668.png 34.098354 7.974128 21.125884
0669.png 34.144834 7.884688 20.215198
0670.png 34.154658 7.817335 19.251210
0671.png 34.133432 7.776281 18.252130
0672.png 34.090989 7.762803 17.233938
0673.png 34.039538 7.775915 16.209710
0674.png 33.991349 7.813345 15.189205
0675.png 33.956317 7.872636 14.178720
0676.png 33.939707 7.952180 13.181250
0677.png 33.940426 8.052004 12.196949
0678.png 33.950149 8.174104 11.223932
0679.png 33.953575 8.322197 10.259417
0680.png 33.929897 8.500826 9.301150
0681.png 33.855189 8.714032 8.348949
0682.png 33.705338 8.963835 7.406172
0683.png 33.459120 9.248769 6.480921
0684.png 33.101019 9.562748 5.586764
0685.png 32.623400 9.894506 4.742802
0686.png 32.027669 10.227843 3.972889
0687.png 31.324263 10.542745 3.303990
0688.png 30.531622 10.817215 2.763855
0689.png 29.674361 11.029547 2.378287
0690.png 28.780917 11.160815 2.168248
0691.png 27.880896 11.197305 2.147077
0692.png 27.002387 11.132633 2.318091
0693.png 26.169466 10.969317 2.672820
0694.png 25.400168 10.719524 3.190150
0695.png 24.705148 10.404756 3.836638
0696.png 24.087257 10.054261 4.568208
0697.png 23.542070 9.702230 5.333179
0698.png 23.059191 9.384143 6.076292
0699.png 22.624105 9.132707 6.743265
0700.png 22.220343 8.973852 7.285447
0701.png 21.831727 8.923230 7.664120
0702.png 21.444451 8.983686 7.853998
0703.png 21.048781 9.144136 7.845486
0704.png 20.640158 9.380218 7.645328
0705.png 20.219652 9.656690 7.275611
0706.png 19.793835 9.931168 6.771409
0707.png 19.374162 10.158744 6.177384
0708.png 18.975965 10.297005 5.543705
0709.png 18.617146 10.310976 4.921623
0710.png 18.316684 10.177514 4.359040
0711.png 18.093028 9.888675 3.896412
0712.png 17.962495 9.453586 3.563338
0713.png 17.937760 8.898338 3.376172
0714.png 18.026530 8.263469 3.336974
0715.png 18.230501 7.598994 3.433968
0716.png 18.544640 6.957645 3.643340
0717.png 18.956879 6.387351 3.932052
0718.png 19.448247 5.924002 4.261353
0719.png 19.993517 5.585559 4.590656
0720.png 20.562408 5.368550 4.881449
0721.png 21.121406 5.247996 5.100911
0722.png 21.636216 5.181567 5.224932
0723.png 22.074695 5.117581 5.240303
0724.png 22.409923 5.005245 5.145956
0725.png 22.623040 4.805220 4.953150
0726.png 22.705463 4.498596 4.684486
0727.png 22.660100 4.092329 4.371664
0728.png 22.501226 3.619485 4.051907
0729.png 22.252952 3.133902 3.763272
0730.png 21.946532 2.700678 3.539380
0731.png 21.616903 2.384396 3.404232
0732.png 21.298799 2.237043 3.367756
0733.png 21.022843 2.287572 3.422755
0734.png 20.811969 2.535067 3.543911
0735.png 20.678563 2.947461 3.689498
0736.png 20.622687 3.467746 3.806464
0737.png 20.631769 4.028938 3.839271
0738.png 20.682180 4.575140 3.741327
0739.png 20.743162 5.080809 3.485772
0740.png 20.783573 5.558805 3.071818
0741.png 20.781405 6.050283 2.523600
0742.png 20.733966 6.599631 1.882064
0743.png 20.664740 7.227251 1.193594
0744.png 20.622588 7.914732 0.499782
0745.png 20.670664 8.612595 -0.168157
0746.png 20.868237 9.265532 -0.789990
0747.png 21.253183 9.837994 -1.354212
0748.png 21.832054 10.324996 -1.855182
0749.png 22.579207 10.745984 -2.290748
0750.png 23.442478 11.129384 -2.660627
0751.png 24.352231 11.496915 -2.965633
0752.png 25.231138 11.854588 -3.207780
0753.png 26.003359 12.191811 -3.391054
0754.png 26.602621 12.486525 -3.522519
0755.png 26.978816 12.713913 -3.613397
0756.png 27.102728 12.856142 -3.679772
0757.png 26.968497 12.910667 -3.742552
0758.png 26.593441 12.894590 -3.826347
0759.png 26.015053 12.843244 -3.957053
0760.png 25.285644 12.803381 -4.158415
0761.png 24.465722 12.823384 -4.448326
0762.png 23.617310 12.943262 -4.835661
0763.png 22.798310 13.187051 -5.318411
0764.png 22.058550 13.558984 -5.883472
0765.png 21.437463 14.043263 -6.507912
0766.png 20.963157 14.606673 -7.161362
0767.png 20.652599 15.203303 -7.809182
0768.png 20.512654 15.780625 -8.416040
0769.png 20.541719 16.286160 -8.949542
0770.png 20.731667 16.673993 -9.383555
0771.png 21.069866 16.910376 -9.700877
0772.png 21.540983 16.977679 -9.894875
0773.png 22.128369 16.876110 -9.969859
0774.png 22.814973 16.623163 -9.940178
0775.png 23.583851 16.251204 -9.828307
0776.png 24.418343 15.803651 -9.662203
0777.png 25.302035 15.330224 -9.472208
0778.png 26.218573 14.881730 -9.287799
0779.png 27.151425 14.504872 -9.134454
0780.png 28.083683 14.237521 -9.030936
0781.png 28.997995 14.104957 -8.987264
0782.png 29.876712 14.117518 -9.003668
0783.png 30.702304 14.270000 -9.070712
0784.png 31.458046 14.542768 -9.170533
0785.png 32.128865 14.904222 -9.278948
0786.png 32.702274 15.314234 -9.368136
0787.png 33.169299 15.728169 -9.409627
0788.png 33.525292 16.101104 -9.377299
0789.png 33.770561 16.391832 -9.250118
0790.png 33.910699 16.566299 -9.014325
0791.png 33.956554 16.600071 -8.664809
0792.png 33.923780 16.479671 -8.205553
0793.png 33.832054 16.202843 -7.649214
0794.png 33.704010 15.777936 -7.016022
0795.png 33.563996 15.222577 -6.332146
0796.png 33.436728 14.561832 -5.627709
0797.png 33.345936 13.826019 -4.934597
0798.png 33.313065 13.048377 -4.284255
0799.png 33.356145 12.262757 -3.705614
0800.png 33.488894 11.501529 -3.223324
0801.png 33.720131 10.793873 -2.856451
0802.png 34.053550 10.164552 -2.617713
0803.png 34.487814 9.633144 -2.513220
0804.png 35.016920 9.213687 -2.542649
0805.png 35.630782 8.914658 -2.699772
0806.png 36.315985 8.739247 -2.973264
0807.png 37.056644 8.685841 -3.347713
0808.png 37.835327 8.748681 -3.804750
0809.png 38.633988 8.918612 -4.324231
0810.png 39.434844 9.183873 -4.885385
0811.png 40.221158 9.530872 -5.467860
0812.png 40.977882 9.944877 -6.052590
0813.png 41.692116 10.410607 -6.622457
0814.png 42.353429 10.912723 -7.162758
0815.png 42.954022 11.436216 -7.661493
0816.png 43.488769 11.966720 -8.109490
0817.png 43.955155 12.490743 -8.500406
0818.png 44.353103 12.995823 -8.830592
0819.png 44.684739 13.470643 -9.098869
0820.png 44.954084 13.905070 -9.306226
0821.png 45.166700 14.290176 -9.455450
0822.png 45.329308 14.618208 -9.550725
0823.png 45.449392 14.882542 -9.597206
0824.png 45.534794 15.077618 -9.600589
0825.png 45.593342 15.198865 -9.566709
0826.png 45.632494 15.242636 -9.501167
0827.png 45.659044 15.206141 -9.409024
0828.png 45.678882 15.087408 -9.294562
0829.png 45.696836 14.885259 -9.161145
0830.png 45.716580 14.599317 -9.011159
0831.png 45.740609 14.230025 -8.846029
0832.png 45.770276 13.778679 -8.666309
0833.png 45.805873 13.247471 -8.471815
0834.png 45.846751 12.639537 -8.261816
0835.png 45.891484 11.959001 -8.035248
0836.png 45.938049 11.211012 -7.790957
0837.png 45.984030 10.401780 -7.527952
0838.png 46.026828 9.538585 -7.245662
0839.png 46.063875 8.629775 -6.944180
0840.png 46.092847 7.684732 -6.624496
0841.png 46.111852 6.713821 -6.288683
0842.png 46.119613 5.728290 -5.940065
0843.png 46.115605 4.740143 -5.583312
0844.png 46.100169 3.761964 -5.224484
0845.png 46.074572 2.806695 -4.871003
0846.png 46.041017 1.887362 -4.531531
0847.png 46.002599 1.016742 -4.215767
0848.png 45.963180 0.206972 -3.934131
0849.png 45.927219 -0.530893 -3.697361
0850.png 45.899535 -1.187348 -3.516033
0851.png 45.885048 -1.754909 -3.400044
0852.png 45.888492 -2.228551 -3.358077
0853.png 45.914132 -2.606112 -3.397075
0854.png 45.965483 -2.888599 -3.521762
0855.png 46.045070 -3.080405 -3.734228
0856.png 46.154216 -3.189397 -4.033607
0857.png 46.292901 -3.226837 -4.415886
0858.png 46.459689 -3.207134 -4.873863
0859.png 46.651744 -3.147384 -5.397279
0860.png 46.864951 -3.066686 -5.973155
0861.png 47.094129 -2.985259 -6.586316
0862.png 47.333313 -2.923420 -7.220053
0863.png 47.576089 -2.900504 -7.856880
0864.png 47.815933 -2.933781 -8.479328
0865.png 48.046550 -3.037460 -9.070732
0866.png 48.262170 -3.221844 -9.615944
0867.png 48.457777 -3.492705 -10.101942
0868.png 48.629253 -3.850955 -10.518264
0869.png 48.773410 -4.292633 -10.857261
0870.png 48.887942 -4.809189 -11.114171
0871.png 48.971293 -5.388014 -11.287041
0872.png 49.022471 -6.013170 -11.376518
0873.png 49.040827 -6.666276 -11.385541
0874.png 49.025810 -7.327502 -11.318952
0875.png 48.976717 -7.976613 -11.183057
0876.png 48.892466 -8.594036 -10.985154
0877.png 48.771396 -9.161886 -10.733057
0878.png 48.611120 -9.664909 -10.434652
0879.png 48.408451 -10.091297 -10.097483
0880.png 48.159409 -10.433325 -9.728420
0881.png 47.859338 -10.687768 -9.333419
0882.png 47.503149 -10.856037 -8.917407
0883.png 47.085691 -10.944016 -8.484298
0884.png 46.602252 -10.961587 -8.037159
0885.png 46.049144 -10.921906 -7.578479
0886.png 45.424322 -10.840480 -7.110522
0887.png 44.727989 -10.734128 -6.635718
0888.png 43.963147 -10.619877 -6.157068
0889.png 43.136034 -10.513860 -5.678522
0890.png 42.256408 -10.430289 -5.205300
0891.png 41.337627 -10.380550 -4.744118
0892.png 40.396475 -10.372509 -4.303290
0893.png 39.452687 -10.410072 -3.892666
0894.png 38.528148 -10.493059 -3.523382
0895.png 37.645768 -10.617409 -3.207433
0896.png 36.828137 -10.775648 -2.957088
0897.png 36.096062 -10.957577 -2.784214
0898.png 35.467065 -11.151115 -2.699536
0899.png 34.953978 -11.343231 -2.711897
0900.png 34.563700 -11.520915 -2.827541
0901.png 34.296250 -11.672119 -3.049492
0902.png 34.144193 -11.786609 -3.377047
0903.png 34.092559 -11.856678 -3.805457
0904.png 34.119343 -11.877638 -4.325808
0905.png 34.196667 -11.848068 -4.925180
0906.png 34.292569 -11.769784 -5.587043
0907.png 34.373250 -11.647579 -6.291881
0908.png 34.405577 -11.488787 -7.017970
0909.png 34.359643 -11.302703 -7.742267
0910.png 34.211180 -11.099933 -8.441351
0911.png 33.943629 -10.891699 -9.092361
0912.png 33.549655 -10.689170 -9.673893
0913.png 33.031919 -10.502853 -10.166774
0914.png 32.402952 -10.342090 -10.554698
0915.png 31.684160 -10.214683 -10.824687
0916.png 30.904115 -10.126630 -10.967392
0917.png 30.096337 -10.081972 -10.977244
0918.png 29.296749 -10.082729 -10.852462
0919.png 28.540993 -10.128936 -10.594932
0920.png 27.861809 -10.218739 -10.209970
0921.png 27.286656 -10.348570 -9.705969
0922.png 26.835779 -10.513374 -9.093955
0923.png 26.520896 -10.706879 -8.387049
0924.png 26.344690 -10.921912 -7.599859
0925.png 26.301113 -11.150724 -6.747819
0926.png 26.376381 -11.385324 -5.846506
0927.png 26.550440 -11.617800 -4.910987
0928.png 26.798733 -11.840598 -3.955225
0929.png 27.094054 -12.046742 -2.991581
0930.png 27.408312 -12.229986 -2.030464
0931.png 27.714082 -12.384886 -1.080126
0932.png 27.985932 -12.506810 -0.146597
0933.png 28.201516 -12.591916 0.766258
0934.png 28.342441 -12.637113 1.656593
0935.png 28.394916 -12.640026 2.524347
0936.png 28.350194 -12.599009 3.370974
0937.png 28.204793 -12.513195 4.199132
0938.png 27.960524 -12.382640 5.012360
0939.png 27.624312 -12.208566 5.814783
0940.png 27.207837 -11.993717 6.610832
0941.png 26.726971 -11.742829 7.405027
0942.png 26.201066 -11.463100 8.201787
0943.png 25.652070 -11.164547 9.005286
0944.png 25.103515 -10.860135 9.819315
0945.png 24.579384 -10.565529 10.647164
0946.png 24.102866 -10.298381 11.491494
0947.png 23.695044 -10.077063 12.354205
0948.png 23.373562 -9.918966 13.236285
0949.png 23.151352 -9.838559 14.137658
0950.png 23.035500 -9.845420 15.057033
0951.png 23.026329 -9.942449 15.991747
0952.png 23.116779 -10.124490 16.937621
0953.png 23.292165 -10.377555 17.888835
0954.png 23.530388 -10.678885 18.837808
0955.png 23.802683 -10.998041 19.775112
0956.png 24.074975 -11.299252 20.689412
0957.png 24.309918 -11.545181 21.567437
0958.png 24.469569 -11.701867 22.394054
0959.png 24.518464 -11.744031 23.152545
0960.png 24.426827 -11.659628 23.825251
0961.png 24.173602 -11.452573 24.394718
0962.png 23.749024 -11.142581 24.845492
0963.png 23.156479 -10.761691 25.166524
0964.png 22.413450 -10.348225 25.353837
0965.png 21.551427 -9.939529 25.412963
0966.png 20.614609 -9.564883 25.360606
0967.png 19.657272 -9.239987 25.225034
0968.png 18.739639 -8.964404 25.044670
0969.png 17.922215 -8.723143 24.864479
0970.png 17.258971 -8.492305 24.730399
0971.png 16.790392 -8.247135 24.682875
0972.png 16.537568 -7.970369 24.750814
0973.png 16.498504 -7.658729 24.947263
0974.png 16.647657 -7.325722 25.267953
0975.png 16.938838 -7.000228 25.692933
0976.png 17.310764 -6.721740 26.190644
0977.png 17.694347 -6.533420 26.723565
0978.png 18.020771 -6.474181 27.254531
0979.png 18.229430 -6.570985 27.752858
0980.png 18.274789 -6.832547 28.199374
0981.png 18.131244 -7.245648 28.589481
0982.png 17.795038 -7.775234 28.933377
0983.png 17.282556 -8.369151 29.252800
0984.png 16.625353 -8.966882 29.574782
0985.png 15.863309 -9.510119 29.924022
0986.png 15.037613 -9.952661 30.315752
0987.png 14.185161 -10.267207 30.750907
0988.png 13.335369 -10.447663 31.214644
0989.png 12.509282 -10.507324 31.677978
0990.png 11.720407 -10.474123 32.101688
0991.png 10.976636 -10.384137 32.441656
0992.png 10.282649 -10.274600 32.654748
0993.png 9.642177 -10.177627 32.704386
0994.png 9.059521 -10.115815 32.564991
0995.png 8.540029 -10.100354 32.224758
0996.png 8.089628 -10.131397 31.686803
0997.png 7.713730 -10.200117 30.968886
0998.png 7.415807 -10.291798 30.101957
0999.png 7.195970 -10.389359 29.127762
1000.png 7.049847 -10.476676 28.095751
1001.png 6.968063 -10.541121 27.059529
1002.png 6.936461 -10.574992 26.073067
1003.png 6.936968 -10.575903 25.186901
1004.png 6.948948 -10.546357 24.444516
1005.png 6.950858 -10.492688 23.879118
1006.png 6.922033 -10.423633 23.511012
1007.png 6.844438 -10.348711 23.345787
1008.png 6.704189 -10.276663 23.373506
1009.png 6.492691 -10.214145 23.569123
1010.png 6.207230 -10.164877 23.894269
1011.png 5.850983 -10.129323 24.300332
1012.png 5.432520 -10.104818 24.732528
1013.png 4.964906 -10.086066 25.134553
1014.png 4.464516 -10.065904 25.453457
1015.png 3.949659 -10.036228 25.644329
1016.png 3.439134 -9.988989 25.674430
1017.png 2.950815 -9.917161 25.526374
1018.png 2.500374 -9.815582 25.199970
1019.png 2.100254 -9.681574 24.712402
1020.png 1.758923 -9.515304 24.096665
1021.png 1.480435 -9.319889 23.398542
1022.png 1.264242 -9.101277 22.672508
1023.png 1.105271 -8.867936 21.976956
1024.png 0.994205 -8.630374 21.369133
1025.png 0.917975 -8.400530 20.900182
1026.png 0.860424 -8.191050 20.610681
1027.png 0.803125 -8.014494 20.527076
1028.png 0.726326 -7.882492 20.659386
1029.png 0.609999 -7.804887 21.000536
1030.png 0.434964 -7.788899 21.527339
1031.png 0.184021 -7.838363 22.202891
1032.png -0.156944 -7.953088 22.980014
1033.png -0.597938 -8.128396 23.805404
1034.png -1.143977 -8.354879 24.624134
1035.png -1.794393 -8.618435 25.384149
1036.png -2.542376 -8.900636 26.040430
1037.png -3.374816 -9.179468 26.558437
1038.png -4.272477 -9.430505 26.916523
1039.png -5.210580 -9.628558 27.106932
1040.png -6.159814 -9.749837 27.135118
1041.png -7.087757 -9.774478 27.017412
1042.png -7.960593 -9.689126 26.777539
1043.png -8.744986 -9.489170 26.442592
1044.png -9.409966 -9.180241 26.039111
1045.png -9.928684 -8.778588 25.589875
1046.png -10.279902 -8.309975 25.112005
1047.png -10.449141 -7.807068 24.616599
1048.png -10.429436 -7.305695 24.109652
1049.png -10.221723 -6.840538 23.593853
1050.png -9.834844 -6.440777 23.070835
1051.png -9.285170 -6.126266 22.543447
1052.png -8.595842 -5.904760 22.017640
1053.png -7.795636 -5.770736 21.503543
1054.png -6.917483 -5.706054 21.015523
1055.png -5.996735 -5.682227 20.571311
1056.png -5.069292 -5.663849 20.190454
1057.png -4.169711 -5.612714 19.892348
1058.png -3.329429 -5.492146 19.694116
1059.png -2.575188 -5.271062 19.608595
1060.png -1.927820 -4.927315 19.642690
1061.png -1.401464 -4.449892 19.796325
1062.png -1.003263 -3.839813 20.062076
1063.png -0.733486 -3.109873 20.425425
1064.png -0.586030 -2.283403 20.865531
1065.png -0.549209 -1.392244 21.356425
1066.png -0.606806 -0.474146 21.868518
1067.png -0.739284 0.430247 22.370332
1068.png -0.925132 1.280594 22.830344
1069.png -1.142247 2.040081 23.218848
1070.png -1.369319 2.678443 23.509731
1071.png -1.587137 3.174616 23.682067
1072.png -1.779759 3.518814 23.721420
1073.png -1.935485 3.713841 23.620762
1074.png -2.047569 3.775435 23.380907
1075.png -2.114599 3.731474 23.010348
1076.png -2.140503 3.619827 22.524421
1077.png -2.134125 3.484850 21.943754
1078.png -2.108435 3.372847 21.292173
1079.png -2.079442 3.327054 20.594329
1080.png -2.064908 3.382731 19.873328
1081.png -2.082949 3.562965 19.148640
1082.png -2.150617 3.875746 18.434577
1083.png -2.282551 4.312861 17.739588
1084.png -2.489759 4.850790 17.066459
1085.png -2.778596 5.453298 16.413285
1086.png -3.149959 6.075311 15.774993
1087.png -3.598757 6.667588 15.145209
1088.png -4.113686 7.181771 14.518248
1089.png -4.677352 7.575340 13.891002
1090.png -5.266785 7.816025 13.264532
1091.png -5.854378 7.885230 12.645119
1092.png -6.409300 7.780014 12.044581
1093.png -6.899402 7.513234 11.479658
1094.png -7.293548 7.111769 10.970453
1095.png -7.564171 6.613206 10.538163
1096.png -7.689829 6.061499 10.202403
1097.png -7.657496 5.502128 9.978437
1098.png -7.464372 4.977273 9.874627
1099.png -7.118952 4.521539 9.890414
1100.png -6.641128 4.158754 10.015138
1101.png -6.061101 3.900297 10.227979
1102.png -5.417118 3.745143 10.499089
1103.png -4.752269 3.681369 10.791723
1104.png -4.110706 3.688779 11.065093
1105.png -3.533616 3.742253 11.277664
1106.png -3.055291 3.815480 11.390605
1107.png -2.699661 3.884675 11.371121
1108.png -2.477605 3.931936 11.195381
1109.png -2.385414 3.947858 10.850754
1110.png -2.404731 3.933036 10.337086
1111.png -2.504270 3.898135 9.666754
1112.png -2.643278 3.862471 8.863472
1113.png -2.776293 3.851400 7.960052
1114.png -2.858588 3.892937 6.995473
1115.png -2.851694 4.014029 6.011545
1116.png -2.728409 4.236910 5.049526
1117.png -2.476666 4.575958 4.146986
1118.png -2.101680 5.035487 3.335265
1119.png -1.625880 5.608798 2.637773
1120.png -1.086669 6.278554 2.069206
1121.png -0.532437 7.018247 1.635570
1122.png -0.017389 7.794488 1.334852
1123.png 0.404292 8.569837 1.158189
1124.png 0.684384 9.305911 1.091395
1125.png 0.786151 9.966484 1.116677
1126.png 0.688884 10.520309 1.214412
1127.png 0.390940 10.943387 1.364802
1128.png -0.089272 11.220397 1.549294
1129.png -0.714841 11.345061 1.751591
1130.png -1.434490 11.319351 1.958204
1131.png -2.188621 11.151808 2.158600
1132.png -2.916287 10.855343 2.345053
1133.png -3.562110 10.444893 2.512306
1134.png -4.082133 9.935346 2.657159
1135.png -4.447726 9.340050 2.778089
1136.png -4.647135 8.670088 2.874951
1137.png -4.684966 7.934221 2.948769
1138.png -4.580044 7.139335 3.001586
1139.png -4.362130 6.291239 3.036371
1140.png -4.067954 5.395630 3.056944
1141.png -3.737051 4.459082 3.067917
1142.png -3.407854 3.489875 3.074619
1143.png -3.114492 2.498524 3.082993
1144.png -2.884524 1.497932 3.099462
1145.png -2.737583 0.503186 3.130749
1146.png -2.684817 -0.468927 3.183683
1147.png -2.729004 -1.400625 3.264981
1148.png -2.865217 -2.273999 3.381013
1149.png -3.081923 -3.071967 3.537576
1150.png -3.362398 -3.779257 3.739661
1151.png -3.686330 -4.383358 3.991235
1152.png -4.031496 -4.875358 4.295048
1153.png -4.375387 -5.250629 4.652458
1154.png -4.696665 -5.509264 5.063299
1155.png -4.976339 -5.656239 5.525783
1156.png -5.198583 -5.701241 6.036456
1157.png -5.351214 -5.658214 6.590196
1158.png -5.425879 -5.544665 7.180260
1159.png -5.417972 -5.380776 7.798368
1160.png -5.326362 -5.188398 8.434838
1161.png -5.152944 -4.989953 9.078751
1162.png -4.902076 -4.807320 9.718161
1163.png -4.579952 -4.660741 10.340338
1164.png -4.193934 -4.567821 10.932045
1165.png -3.751915 -4.542645 11.479850
1166.png -3.261740 -4.595105 11.970463
1167.png -2.730738 -4.730453 12.391112
1168.png -2.165400 -4.949149 12.729932
1169.png -1.571235 -5.247015 12.976385
1170.png -0.952761 -5.615649 13.121673
1171.png -0.313627 -6.043055 13.159141
1172.png 0.343175 -6.514444 13.084652
1173.png 1.015037 -7.013133 12.896901
1174.png 1.699429 -7.521511 12.597672
1175.png 2.393579 -8.022014 12.192008
1176.png 3.094191 -8.498043 11.688275
1177.png 3.797204 -8.934795 11.098108
1178.png 4.497636 -9.319941 10.436219
1179.png 5.189538 -9.644107 9.720057
1180.png 5.866057 -9.901144 8.969314
1181.png 6.519601 -10.088209 8.205321
1182.png 7.142085 -10.205669 7.450343
1183.png 7.725238 -10.256869 6.726817
1184.png 8.260965 -10.247773 6.056558
1185.png 8.741725 -10.186518 5.459966
1186.png 9.160921 -10.082890 4.955254
1187.png 9.513287 -9.947762 4.557748
1188.png 9.795243 -9.792514 4.279259
1189.png 10.005200 -9.628449 4.127589
1190.png 10.143812 -9.466251 4.106177
1191.png 10.214134 -9.315492 4.213927
1192.png 10.221692 -9.184218 4.445239
1193.png 10.174422 -9.078647 4.790290
1194.png 10.082498 -9.002976 5.235543
1195.png 9.958033 -8.959313 5.764480
1196.png 9.814692 -8.947705 6.358494
1197.png 9.667229 -8.966258 6.997889
1198.png 9.530968 -9.011330 7.662935
1199.png 9.421251 -9.077789 8.334929
1200.png 9.352876 -9.159315 8.997208
1201.png 9.339536 -9.248738 9.636050
1202.png 9.393289 -9.338399 10.241432
1203.png 9.524078 -9.420514 10.807573
1204.png 9.739318 -9.487531 11.333214
1205.png 10.043568 -9.532472 11.821591
1206.png 10.438323 -9.549235 12.280034
1207.png 10.921919 -9.532853 12.719150
1208.png 11.489610 -9.479686 13.151540
1209.png 12.133780 -9.387552 13.590046
1210.png 12.844311 -9.255774 14.045691
1211.png 13.609044 -9.085177 14.525538
1212.png 14.414299 -8.878015 15.030716
1213.png 15.245423 -8.637858 15.554866
1214.png 16.087313 -8.369427 16.083245
1215.png 16.924883 -8.078399 16.592747
1216.png 17.743429 -7.771178 17.053080
1217.png 18.528866 -7.454646 17.429314
1218.png 19.267817 -7.135899 17.685732
1219.png 19.947623 -6.821973 17.790457
1220.png 20.556326 -6.519581 17.720128
1221.png 21.082713 -6.234854 17.463888
1222.png 21.516482 -5.973106 17.025971
1223.png 21.848592 -5.738627 16.426274
1224.png 22.071787 -5.534511 15.698884
1225.png 22.181227 -5.362520 14.888920
1226.png 22.175163 -5.222983 14.048183
1227.png 22.055581 -5.114735 13.230086
1228.png 21.828726 -5.035100 12.484346
1229.png 21.505468 -4.979903 11.851906
1230.png 21.101395 -4.943546 11.360581
1231.png 20.636600 -4.919107 11.021897
1232.png 20.135058 -4.898498 10.829597
1233.png 19.623547 -4.872669 10.760277
1234.png 19.130106 -4.831860 10.776277
1235.png 18.682172 -4.765918 10.830404
1236.png 18.304586 -4.664687 10.871739
1237.png 18.017687 -4.518483 10.851787
1238.png 17.835693 -4.318664 10.730198
1239.png 17.765570 -4.058319 10.479310
1240.png 17.806584 -3.733058 10.086864
1241.png 17.950551 -3.341883 9.556650
1242.png 18.182724 -2.888059 8.907364
1243.png 18.483151 -2.379874 8.170022
1244.png 18.828388 -1.831224 7.384334
1245.png 19.193429 -1.261908 6.594403
1246.png 19.553714 -0.697546 5.844122
1247.png 19.887080 -0.169039 5.172667
1248.png 20.175534 0.288537 4.610443
1249.png 20.406688 0.637688 4.175868
1250.png 20.574746 0.840999 3.873389
1251.png 20.680893 0.864471 3.693078
1252.png 20.732959 0.681788 3.612212
1253.png 20.744219 0.279580 3.599192
1254.png 20.731298 -0.336626 3.619844
1255.png 20.711455 -1.137716 3.644858
1256.png 20.699895 -2.070973 3.655937
1257.png 20.707737 -3.068149 3.648102
1258.png 20.741098 -4.061217 3.627132
1259.png 20.801174 -4.997334 3.604501
1260.png 20.884959 -5.844216 3.592984
1261.png 20.986272 -6.586962 3.603825
1262.png 21.096825 -7.222384 3.644991
1263.png 21.207187 -7.754196 3.720133
1264.png 21.307639 -8.189487 3.828129
1265.png 21.388905 -8.536308 3.963101
1266.png 21.442765 -8.802198 4.114847
1267.png 21.462542 -8.993494 4.269568
1268.png 21.443467 -9.115230 4.410843
1269.png 21.382925 -9.171474 4.520720
1270.png 21.280562 -9.165915 4.580881
1271.png 21.138277 -9.102533 4.573758
1272.png 20.960081 -8.986192 4.483544
1273.png 20.751834 -8.823047 4.297021
1274.png 20.520887 -8.620758 4.004223
1275.png 20.275649 -8.388520 3.598915
1276.png 20.025096 -8.136961 3.078911
1277.png 19.778263 -7.877898 2.446238
1278.png 19.543733 -7.624005 1.707145
1279.png 19.329146 -7.388401 0.871980
1280.png 19.140765 -7.184190 -0.045074
1281.png 18.983109 -7.023974 -1.026381
1282.png 18.858688 -6.919365 -2.051354
1283.png 18.767861 -6.880522 -3.097063
1284.png 18.708834 -6.915731 -4.138940
1285.png 18.677779 -7.031039 -5.151554
1286.png 18.669076 -7.229956 -6.109440
1287.png 18.675635 -7.513212 -6.987943
1288.png 18.689287 -7.878603 -7.764057
1289.png 18.701224 -8.320901 -8.417226
1290.png 18.702460 -8.831859 -8.930090
1291.png 18.684300 -9.400298 -9.289137
1292.png 18.638784 -10.012298 -9.485236
1293.png 18.559099 -10.651484 -9.514035
1294.png 18.439925 -11.299419 -9.376184
1295.png 18.277701 -11.936115 -9.077352
1296.png 18.070794 -12.540651 -8.628050
1297.png 17.819571 -13.091884 -8.043227
1298.png 17.526371 -13.569233 -7.341712
1299.png 17.195408 -13.953498 -6.545501
1300.png 16.832591 -14.227682 -5.678937
1301.png 16.445286 -14.377805 -4.767803
1302.png 16.042021 -14.393659 -3.838376
1303.png 15.632151 -14.269485 -2.916453
1304.png 15.225481 -14.004549 -2.026391
1305.png 14.831866 -13.603575 -1.190199
1306.png 14.460794 -13.077014 -0.426694
1307.png 14.120962 -12.441120 0.249229
1308.png 13.819847 -11.717800 0.827191
1309.png 13.563302 -10.934212 1.301758
1310.png 13.355151 -10.122077 1.672662
1311.png 13.196837 -9.316690 1.944799
1312.png 13.087084 -8.555577 2.127961
1313.png 13.021629 -7.876793 2.236273
1314.png 12.992994 -7.316817 2.287308
1315.png 12.990334 -6.908020 2.300843
1316.png 12.999356 -6.675674 2.297231
1317.png 13.002325 -6.634482 2.295350
1318.png 12.978172 -6.784630 2.310130
1319.png 12.902980 -7.108377 2.350044
1320.png 12.751539 -7.570069 2.415850
1321.png 12.499997 -8.120312 2.500991
1322.png 12.129023 -8.702730 2.593176
1323.png 11.626800 -9.261500 2.676533
1324.png 10.991221 -9.747921 2.733772
1325.png 10.230938 -10.124990 2.747973
1326.png 9.365293 -10.369916 2.703962
1327.png 8.423297 -10.474843 2.589282
1328.png 7.441836 -10.446089 2.394829
1329.png 6.463282 -10.302182 2.115168
1330.png 5.532681 -10.071001 1.748598
1331.png 4.694702 -9.786317 1.296989
1332.png 3.990515 -9.484023 0.765447
1333.png 3.454777 -9.198357 0.161840
1334.png 3.112911 -8.958406 -0.503764
1335.png 2.978844 -8.785202 -1.219710
1336.png 3.053379 -8.689684 -1.973377
1337.png 3.323392 -8.671842 -2.751759
1338.png 3.762015 -8.721324 -3.541966
1339.png 4.329927 -8.819650 -4.331608
1340.png 4.977705 -8.943739 -5.109019
1341.png 5.649049 -9.070083 -5.863284
1342.png 6.284665 -9.178848 -6.584036
1343.png 6.826606 -9.257182 -7.260994
1344.png 7.222845 -9.301018 -7.883196
1345.png 7.431885 -9.314642 -8.437911
1346.png 7.427087 -9.307709 -8.909321
1347.png 7.200124 -9.290494 -9.277539
1348.png 6.762738 -9.269136 -9.518867
1349.png 6.145923 -9.242801 -9.608252
1350.png 5.395784 -9.204475 -9.524765
1351.png 4.566303 -9.145630 -9.259550
1352.png 3.710929 -9.062329 -8.823388
1353.png 2.875460 -8.959549 -8.250362
1354.png 2.093565 -8.852026 -7.596030
1355.png 1.384880 -8.762040 -6.931015
1356.png 0.755181 -8.715152 -6.331670
1357.png 0.198094 -8.734971 -5.869549
1358.png -0.302184 -8.838005 -5.601366
1359.png -0.767683 -9.029653 -5.561170
1360.png -1.223456 -9.302292 -5.756213
1361.png -1.694702 -9.635732 -6.167013
1362.png -2.204274 -9.999677 -6.750931
1363.png -2.770638 -10.357565 -7.448296
1364.png -3.406294 -10.671208 -8.190077
1365.png -4.116692 -10.905622 -8.906114
1366.png -4.899691 -11.033433 -9.532914
1367.png -5.745569 -11.038287 -10.020021
1368.png -6.637627 -10.916660 -10.334022
1369.png -7.553359 -10.677800 -10.459678
1370.png -8.466076 -10.342015 -10.398504
1371.png -9.346822 -9.937783 -10.165489
1372.png -10.166444 -9.498158 -9.784679
1373.png -10.897634 -9.056959 -9.284347
1374.png -11.516806 -8.645233 -8.692481
1375.png -12.005639 -8.288456 -8.033267
1376.png -12.352199 -8.004765 -7.325037
1377.png -12.551621 -7.804215 -6.579613
1378.png -12.606382 -7.688902 -5.802818
1379.png -12.526207 -7.653796 -4.995869
1380.png -12.327639 -7.688103 -4.157386
1381.png -12.033314 -7.777004 -3.285744
1382.png -11.670967 -7.903593 -2.381494
1383.png -11.272218 -8.050861 -1.449586
1384.png -10.871160 -8.203541 -0.501113
1385.png -10.502799 -8.349673 0.445679
1386.png -10.201368 -8.481699 1.365413
1387.png -9.998562 -8.596934 2.226875
1388.png -9.921731 -8.697286 2.995800
1389.png -9.992127 -8.788240 3.638954
1390.png -10.223331 -8.877355 4.128885
1391.png -10.620031 -8.972526 4.448612
1392.png -11.177286 -9.080320 4.595488
1393.png -11.880442 -9.204640 4.583491
1394.png -12.705818 -9.345985 4.443298
1395.png -13.622162 -9.501381 4.219999
1396.png -14.592707 -9.664881 3.968903
1397.png -15.577623 -9.828487 3.750045
1398.png -16.536659 -9.983321 3.622024
1399.png -17.431766 -10.120903 3.635786
1400.png -18.229492 -10.234368 3.828973
1401.png -18.902936 -10.319468 4.221462
1402.png -19.433069 -10.375203 4.812721
1403.png -19.809207 -10.403932 5.581534
1404.png -20.028605 -10.410918 6.488287
1405.png -20.095299 -10.403414 7.479393
1406.png -20.018443 -10.389448 8.493169
1407.png -19.810362 -10.376476 9.466506
1408.png -19.484577 -10.370068 10.341632
1409.png -19.054012 -10.372798 11.072304
1410.png -18.529643 -10.383495 11.628723
1411.png -17.919811 -10.397040 12.000525
1412.png -17.230387 -10.404814 12.197254
1413.png -16.465773 -10.395799 12.246311
1414.png -15.630504 -10.358152 12.188903
1415.png -14.731140 -10.281013 12.074644
1416.png -13.778170 -10.156353 11.955490
1417.png -12.787633 -9.980629 11.879678
1418.png -11.782139 -9.756024 11.886338
1419.png -10.791027 -9.491063 12.001435
1420.png -9.849350 -9.200384 12.235700
1421.png -8.995640 -8.903609 12.584842
1422.png -8.268682 -8.623454 13.031767
1423.png -7.703751 -8.383363 13.550255
1424.png -7.328735 -8.204940 14.109521
1425.png -7.160583 -8.105459 14.679082
1426.png -7.202526 -8.095729 15.233358
1427.png -7.442496 -8.178598 15.755437
1428.png -7.853196 -8.348367 16.239427
1429.png -8.394120 -8.591336 16.690940
1430.png -9.015435 -8.887431 17.125684
1431.png -9.663118 -9.212615 17.566625
1432.png -10.284712 -9.541737 18.040214
1433.png -10.835015 -9.851447 18.572251
1434.png -11.281027 -10.122833 19.183899
1435.png -11.605505 -10.343410 19.888394
1436.png -11.808446 -10.508128 20.688981
1437.png -11.906165 -10.619190 21.578385
1438.png -11.928227 -10.684812 22.539735
1439.png -11.912968 -10.717278 23.548541
1440.png -11.902293 -10.730637 24.575326
1441.png -11.936529 -10.738413 25.588507
1442.png -12.050044 -10.751692 26.557106
1443.png -12.268325 -10.777908 27.452926
1444.png -12.606782 -10.820477 28.251983
1445.png -13.071009 -10.879113 28.935283
1446.png -13.657985 -10.950586 29.489093
1447.png -14.357736 -11.029640 29.904907
1448.png -15.155011 -11.109889 30.179238
1449.png -16.030811 -11.184555 30.313309
1450.png -16.963729 -11.247089 30.312681
1451.png -17.931128 -11.291647 30.186802
1452.png -18.910154 -11.313454 29.948511
1453.png -19.878603 -11.309061 29.613498
1454.png -20.815635 -11.276498 29.199723
1455.png -21.702363 -11.215342 28.726829
1456.png -22.522312 -11.126705 28.215527
1457.png -23.261757 -11.013160 27.686993
1458.png -23.909961 -10.878593 27.162271
1459.png -24.459307 -10.728030 26.661698
1460.png -24.905341 -10.567402 26.204363
1461.png -25.246733 -10.403303 25.807607
1462.png -25.485161 -10.242717 25.486577
1463.png -25.625141 -10.092740 25.253851
1464.png -25.673783 -9.960313 25.119128
1465.png -25.640520 -9.851954 25.089014
1466.png -25.536780 -9.773523 25.166902
1467.png -25.375641 -9.730018 25.352955
1468.png -25.171456 -9.725399 25.644197
1469.png -24.939469 -9.762458 26.034694
1470.png -24.695414 -9.842718 26.515818
1471.png -24.455118 -9.966363 27.076575
1472.png -24.234109 -10.132207 27.703994
1473.png -24.047234 -10.337689 28.383548
1474.png -23.908293 -10.578903 29.099622
1475.png -23.829705 -10.850650 29.835979
1476.png -23.822197 -11.146524 30.576244
1477.png -23.894543 -11.459026 31.304373
1478.png -24.053337 -11.779698 32.005107
1479.png -24.302827 -12.099285 32.664385
1480.png -24.644805 -12.407922 33.269718
1481.png -25.078561 -12.695342 33.810500
1482.png -25.600917 -12.951103 34.278250
1483.png -26.206327 -13.164841 34.666769
1484.png -26.887066 -13.326534 34.972216
1485.png -27.633476 -13.426774 35.193105
1486.png -28.434268 -13.457043 35.330230
1487.png -29.276864 -13.409979 35.386537
1488.png -30.147772 -13.279632 35.366939
1489.png -31.032976 -13.061692 35.278095
1490.png -31.918330 -12.753691 35.128151
1491.png -32.789941 -12.355167 34.926466
1492.png -33.634546 -11.867780 34.683317
1493.png -34.439839 -11.295378 34.409600
1494.png -35.194769 -10.643998 34.116541
1495.png -35.889773 -9.921805 33.815416
1496.png -36.516950 -9.138952 33.517290
1497.png -37.070159 -8.307363 33.232789
1498.png -37.545056 -7.440468 32.971893
1499.png -37.939083 -6.552867 32.743759
1500.png -38.251391 -5.659969 32.556564
1501.png -38.482736 -4.777594 32.417376
1502.png -38.635332 -3.921558 32.332055
1503.png -38.712676 -3.107252 32.305164
1504.png -38.719350 -2.349224 32.339923
1505.png -38.660818 -1.660778 32.438168
1506.png -38.543198 -1.053599 32.600342
1507.png -38.373054 -0.537414 32.825510
1508.png -38.157175 -0.119705 33.111390
1509.png -37.902382 0.194520 33.454411
1510.png -37.615349 0.402884 33.849785
1511.png -37.302451 0.505712 34.291606
1512.png -36.969642 0.506027 34.772970
1513.png -36.622367 0.409453 35.286098
1514.png -36.265494 0.224059 35.822494
1515.png -35.903281 -0.039871 36.373096
1516.png -35.539351 -0.370115 36.928451
1517.png -35.176703 -0.752833 37.478886
1518.png -34.817725 -1.172929 38.014687
1519.png -34.464236 -1.614433 38.526284
1520.png -34.117526 -2.060908 39.004430
1521.png -33.778419 -2.495856 39.440373
1522.png -33.447335 -2.903137 39.826033
1523.png -33.124359 -3.267366 40.154161
1524.png -32.809314 -3.574302 40.418488
1525.png -32.501831 -3.811204 40.613865
1526.png -32.201417 -3.967151 40.736381
1527.png -31.907522 -4.033327 40.783465
1528.png -31.619593 -4.003235 40.753968
1529.png -31.337120 -3.872867 40.648216
1530.png -31.059670 -3.640788 40.468041
1531.png -30.786906 -3.308150 40.216781
1532.png -30.518588 -2.878622 39.899251
1533.png -30.254567 -2.358247 39.521683
1534.png -29.994764 -1.755240 39.091643
1535.png -29.739136 -1.079735 38.617922
1536.png -29.487648 -0.343479 38.110393
1537.png -29.240225 0.440487 37.579865
1538.png -28.996719 1.258191 37.037894
1539.png -28.756862 2.095087 36.496591
1540.png -28.520235 2.936421 35.968404
1541.png -28.286234 3.767593 35.465886
1542.png -28.054047 4.574493 35.001450
1543.png -27.822641 5.343814 34.587104
1544.png -27.590764 6.063324 34.234182
1545.png -27.356959 6.722089 33.953062
1546.png -27.119597 7.310644 33.752874
1547.png -26.876928 7.821087 33.641202
1548.png -26.627153 8.247115 33.623792
1549.png -26.368505 8.583997 33.704283
1550.png -26.099337 8.828515 33.883975
1551.png -25.818202 8.978865 34.161670
1552.png -25.523936 9.034559 34.533589
1553.png -25.215716 8.996313 34.993385
1554.png -24.893107 8.865939 35.532249
1555.png -24.556103 8.646236 36.139089
1556.png -24.205144 8.340882 36.800786
1557.png -23.841128 7.954327 37.502499
1558.png -23.465412 7.491686 38.228033
1559.png -23.079799 6.958638 38.960232
1560.png -22.686513 6.361323 39.681415
1561.png -22.288170 5.706245 40.373820
1562.png -21.887740 5.000177 41.020068
1563.png -21.488492 4.250072 41.603616
1564.png -21.093945 3.462978 42.109209
1565.png -20.707796 2.645959 42.523305
1566.png -20.333859 1.806018 42.834472
1567.png -19.975985 0.950029 43.033745
1568.png -19.637983 0.084679 43.114935
1569.png -19.323533 -0.783590 43.074867
1570.png -19.036101 -1.648624 42.913564
1571.png -18.778846 -2.504596 42.634335
1572.png -18.554526 -3.346038 42.243784
1573.png -18.365402 -4.167857 41.751711
1574.png -18.213140 -4.965345 41.170908
1575.png -18.098715 -5.734185 40.516833
1576.png -18.022320 -6.470431 39.807177
1577.png -17.983269 -7.170499 39.061336
1578.png -17.979931 -7.831137 38.299812
1579.png -18.009661 -8.449398 37.543568
1580.png -18.068766 -9.022603 36.813353
1581.png -18.152487 -9.548306 36.129029
1582.png -18.255018 -10.024260 35.508911
1583.png -18.369552 -10.448376 34.969149
1584.png -18.488376 -10.818695 34.523175
1585.png -18.603002 -11.133355 34.181233
1586.png -18.704350 -11.390570 33.950014
1587.png -18.782983 -11.588611 33.832428
1588.png -18.829406 -11.725800 33.827517
1589.png -18.834415 -11.800510 33.930549
1590.png -18.789529 -11.811182 34.133307
1591.png -18.687465 -11.756349 34.424569
1592.png -18.522651 -11.634674 34.790754
1593.png -18.291729 -11.445004 35.216682
1594.png -17.993996 -11.186424 35.686391
1595.png -17.631755 -10.858333 36.183956
1596.png -17.210534 -10.460515 36.694272
1597.png -16.739117 -9.993232 37.203724
1598.png -16.229362 -9.457305 37.700715
1599.png -15.695752 -8.854220 38.175986
1600.png -15.154649 -8.186222 38.622670
1601.png -14.623248 -7.456420 39.036087
1602.png -14.118310 -6.668877 39.413290
1603.png -13.654852 -5.828677 39.752491
1604.png -13.244921 -4.941962 40.052449
1605.png -12.896635 -4.015909 40.311921
1606.png -12.613617 -3.058652 40.529272
1607.png -12.394875 -2.079133 40.702280
1608.png -12.235091 -1.086910 40.828125
1609.png -12.125235 -0.091907 40.903516
1610.png -12.053423 0.895846 40.924941
1611.png -12.005950 1.866500 40.888988
1612.png -11.968423 2.810669 40.792720
1613.png -11.926899 3.719701 40.634059
1614.png -11.868976 4.585920 40.412147
1615.png -11.784741 5.402832 40.127657
1616.png -11.667505 6.165281 39.783013
1617.png -11.514263 6.869532 39.382502
1618.png -11.325868 7.513299 38.932253
1619.png -11.106949 8.095710 38.440128
1620.png -10.865599 8.617226 37.915499
1621.png -10.612885 9.079510 37.368969
1622.png -10.362204 9.485271 36.812017
1623.png -10.128521 9.838073 36.256603
1624.png -9.927540 10.142128 35.714745
1625.png -9.774817 10.402082 35.198079
1626.png -9.684885 10.622790 34.717418
1627.png -9.670395 10.809099 34.282329
1628.png -9.741329 10.965647 33.900743
1629.png -9.904319 11.096675 33.578613
1630.png -10.162099 11.205871 33.319630
1631.png -10.513133 11.296251 33.125022
1632.png -10.951456 11.370082 32.993443
1633.png -11.466762 11.428853 32.920977
1634.png -12.044763 11.473307 32.901255
1635.png -12.667818 11.503533 32.925698
1636.png -13.315772 11.519091 32.983856
1637.png -13.966945 11.519185 33.063819
1638.png -14.599208 11.502839 33.152682
1639.png -15.191078 11.469096 33.237034
1640.png -15.722771 11.417197 33.303449
1641.png -16.177147 11.346744 33.338946
1642.png -16.540487 11.257838 33.331416
1643.png -16.803046 11.151164 33.269961
1644.png -16.959363 11.028035 33.145178
1645.png -17.008366 10.890394 32.949351
1646.png -16.953270 10.740779 32.676592
1647.png -16.801314 10.582254 32.322911
1648.png -16.563351 10.418321 31.886237
1649.png -16.253322 10.252801 31.366387
1650.png -15.887630 10.089708 30.764996
1651.png -15.484455 9.933106 30.085403
1652.png -15.063012 9.786966 29.332509
1653.png -14.642801 9.655020 28.512613
1654.png -14.242855 9.540616 27.633223
1655.png -13.881023 9.446593 26.702852
1656.png -13.573301 9.375163 25.730812
1657.png -13.333256 9.327818 24.727002
1658.png -13.171539 9.305259 23.701696
1659.png -13.095540 9.307362 22.665349
1660.png -13.109191 9.333173 21.628409
1661.png -13.212917 9.380943 20.601149
1662.png -13.403740 9.448196 19.593521
1663.png -13.675501 9.531816 18.615023
1664.png -14.019193 9.628170 17.674579
1665.png -14.423377 9.733236 16.780448
1666.png -14.874685 9.842754 15.940131
1667.png -15.358357 9.952377 15.160313
1668.png -15.858840 10.057833 14.446801
1669.png -16.360381 10.155079 13.804492
1670.png -16.847648 10.240455 13.237347
1671.png -17.306314 10.310822 12.748381
1672.png -17.723624 10.363689 12.339664
1673.png -18.088902 10.397316 12.012339
1674.png -18.393998 10.410796 11.766647
1675.png -18.633645 10.404100 11.601973
1676.png -18.805716 10.378098 11.516890
1677.png -18.911357 10.334529 11.509226
1678.png -18.954993 10.275937 11.576138
1679.png -18.944165 10.205553 11.714191
1680.png -18.889237 10.127132 11.919455
1681.png -18.802953 10.044754 12.187597
1682.png -18.699905 9.962595 12.513984
1683.png -18.595912 9.884682 12.893780
1684.png -18.507346 9.814634 13.322044
1685.png -18.450434 9.755416 13.793813
1686.png -18.440554 9.709096 14.304183
1687.png -18.491553 9.676626 14.848374
1688.png -18.615118 9.657657 15.421776
1689.png -18.820216 9.650394 16.019978
1690.png -19.112631 9.651506 16.638773
1691.png -19.494641 9.656097 17.274137
1692.png -19.964825 9.657746 17.922183
1693.png -20.518062 9.648635 18.579073
1694.png -21.145722 9.619763 19.240907
1695.png -21.836058 9.561255 19.903573
1696.png -22.574776 9.462741 20.562580
1697.png -23.345725 9.313802 21.212894
1698.png -24.131688 9.104444 21.848778
1699.png -24.915215 8.825595 22.463676
1700.png -25.679462 8.469600 23.050126
1701.png -26.408999 8.030694 23.599755
1702.png -27.090540 7.505431 24.103336
1703.png -27.713550 6.893060 24.550948
1704.png -28.270700 6.195813 24.932250
1705.png -28.758117 5.419097 25.236879
1706.png -29.175389 4.571566 25.454985
1707.png -29.525298 3.665054 25.577938
1708.png -29.813282 2.714370 25.599138
1709.png -30.046695 1.736957 25.514883
1710.png -30.233964 0.752439 25.325165
1711.png -30.383721 -0.217925 25.034306
1712.png -30.504017 -1.151861 24.651322
1713.png -30.601693 -2.026772 24.189918
1714.png -30.681994 -2.820453 23.668031
1715.png -30.748444 -3.511841 23.106923
1716.png -30.802944 -4.081751 22.529938
1717.png -30.846040 -4.513598 21.961004
1718.png -30.877319 -4.794062 21.423025
1719.png -30.895884 -4.913690 20.936241
1720.png -30.900860 -4.867400 20.516705
1721.png -30.891870 -4.654872 20.174951
1722.png -30.869456 -4.280799 19.914995
1723.png -30.835373 -3.754982 19.733767
1724.png -30.792724 -3.092233 19.621084
1725.png -30.745876 -2.312081 19.560284
1726.png -30.700159 -1.438260 19.529529
1727.png -30.661362 -0.498009 19.503679
1728.png -30.635121 0.478785 19.456502
1729.png -30.626274 1.460554 19.363021
1730.png -30.638249 2.415099 19.201753
1731.png -30.672574 3.310667 18.956651
1732.png -30.728576 4.117031 18.618495
1733.png -30.803333 4.806532 18.185612
1734.png -30.891870 5.355046 17.663874
1735.png -30.987554 5.742865 17.066114
1736.png -31.082644 5.955461 16.411039
1737.png -31.168945 5.984108 15.721779
1738.png -31.238507 5.826341 15.024176
1739.png -31.284341 5.486239 14.344924
1740.png -31.301074 4.974485 13.709686
1741.png -31.285518 4.308201 13.141292
1742.png -31.237092 3.510531 12.658137
1743.png -31.158046 2.609938 12.272890
1744.png -31.053446 1.639201 11.991638
1745.png -30.930877 0.634109 11.813530
1746.png -30.799902 -0.368102 11.730938
1747.png -30.671315 -1.330482 11.730038
1748.png -30.556279 -2.218161 11.791757
1749.png -30.465400 -3.000120 11.892974
1750.png -30.407810 -3.650832 12.007916
1751.png -30.390328 -4.151675 12.109640
1752.png -30.416764 -4.492029 12.171550
1753.png -30.487434 -4.669944 12.168827
1754.png -30.598955 -4.692298 12.079723
1755.png -30.744376 -4.574347 11.886626
1756.png -30.913648 -4.338687 11.576850
1757.png -31.094384 -4.013697 11.143167
1758.png -31.272824 -3.631620 10.584087
1759.png -31.434948 -3.226381 9.903897
1760.png -31.567638 -2.831289 9.112486
1761.png -31.659833 -2.476729 8.224958
1762.png -31.703601 -2.187996 7.261058
1763.png -31.695042 -1.983371 6.244414
1764.png -31.634956 -1.872584 5.201631
1765.png -31.529199 -1.855782 4.161223
1766.png -31.388656 -1.923128 3.152428
1767.png -31.228748 -2.055167 2.203892
1768.png -31.068404 -2.224065 1.342266
1769.png -30.928467 -2.395813 0.590717
1770.png -30.829616 -2.533260 -0.032550
1771.png -30.790047 -2.599656 -0.515659
1772.png -30.823135 -2.562378 -0.854183
1773.png -30.935359 -2.396472 -1.051893
1774.png -31.124710 -2.087668 -1.121011
1775.png -31.379848 -1.634519 -1.081836
1776.png -31.680249 -1.049316 -0.961625
1777.png -31.997574 -0.357458 -0.792614
1778.png -32.298276 0.404809 -0.609207
1779.png -32.547120 1.193956 -0.444630
1780.png -32.711152 1.963548 -0.327407
1781.png -32.763644 2.668936 -0.278058
1782.png -32.687524 3.271758 -0.306402
1783.png -32.477817 3.743738 -0.409850
1784.png -32.142634 4.069290 -0.573083
1785.png -31.702298 4.246502 -0.769397
1786.png -31.186676 4.286432 -0.963674
1787.png -30.631218 4.211064 -1.116481
1788.png -30.072313 4.050333 -1.188731
1789.png -29.542618 3.838681 -1.146328
1790.png -29.066964 3.611562 -0.964201
1791.png -28.659479 3.402337 -0.629168
1792.png -28.322425 3.239917 -0.141158
1793.png -28.046755 3.147277 0.487220
1794.png -27.814071 3.140719 1.232443
1795.png -27.599495 3.229765 2.062758
1796.png -27.375059 3.417515 2.941382
1797.png -27.113136 3.701342 3.829804
1798.png -26.789506 4.073763 4.690797
1799.png -26.385687 4.523390 5.490805
1800.png -25.890444 5.035869 6.201614
1801.png -25.300539 5.594810 6.801366
1802.png -24.620813 6.182692 7.274995
1803.png -23.863703 6.781709 7.614165
1804.png -23.048287 7.374573 7.816803
1805.png -22.198941 7.945239 7.886293
1806.png -21.343721 8.479548 7.830426
1807.png -20.512551 8.965765 7.660191
1808.png -19.735317 9.395018 7.388466
1809.png -19.039964 9.761599 7.028727
1810.png -18.450685 10.063132 6.593824
1811.png -17.986303 10.300587 6.094927
1812.png -17.658938 10.478132 5.540715
1813.png -17.473057 10.602795 4.936900
1814.png -17.424991 10.683947 4.286146
1815.png -17.503032 10.732563 3.588496
1816.png -17.688159 10.760293 2.842327
1817.png -17.955362 10.778389 2.045739
1818.png -18.275432 10.796618 1.198168
1819.png -18.617052 10.822293 0.301952
1820.png -18.949046 10.859555 -0.636380
1821.png -19.242620 10.909051 -1.605380
1822.png -19.473448 10.968118 -2.588727
1823.png -19.623444 11.031598 -3.566271
1824.png -19.682097 11.093157 -4.515937
1825.png -19.647273 11.146801 -5.416054
1826.png -19.525371 11.188219 -6.247555
1827.png -19.330797 11.215627 -6.995594
1828.png -19.084783 11.230011 -7.650403
1829.png -18.813705 11.234869 -8.207476
1830.png -18.547070 11.235571 -8.667221
1831.png -18.315337 11.238476 -9.034219
1832.png -18.147738 11.249920 -9.316227
1833.png -18.070265 11.275232 -9.523078
1834.png -18.104000 11.317876 -9.665596
1835.png -18.263927 11.378872 -9.754686
1836.png -18.558341 11.456538 -9.800660
1837.png -18.988779 11.546562 -9.812812
1838.png -19.550435 11.642324 -9.799203
1839.png -20.232923 11.735420 -9.766610
1840.png -21.021336 11.816335 -9.720618
1841.png -21.897496 11.875192 -9.665793
1842.png -22.841300 11.902526 -9.605920
1843.png -23.832090 11.890034 -9.544256
1844.png -24.849945 11.831216 -9.483757
1845.png -25.876809 11.721878 -9.427250
1846.png -26.897379 11.560424 -9.377512
1847.png -27.899699 11.347921 -9.337233
1848.png -28.875480 11.087961 -9.308894
1849.png -29.820173 10.786350 -9.294576
1850.png -30.732821 10.450673 -9.295722
1851.png -31.615730 10.089753 -9.312893
1852.png -32.473970 9.713061 -9.345523
1853.png -33.314763 9.330102 -9.391716
1854.png -34.146759 8.949815 -9.448104
1855.png -34.979257 8.580030 -9.509791
1856.png -35.821383 8.227011 -9.570409
1857.png -36.681256 7.895129 -9.622309
1858.png -37.565188 7.586673 -9.656901
1859.png -38.476946 7.301805 -9.665089
1860.png -39.417108 7.038634 -9.637801
1861.png -40.382569 6.793396 -9.566533
1862.png -41.366221 6.560716 -9.443899
1863.png -42.356852 6.333957 -9.264128
1864.png -43.339301 6.105605 -9.023475
1865.png -44.294913 5.867703 -8.720501
1866.png -45.202304 5.612301 -8.356202
1867.png -46.038416 5.331915 -7.933969
1868.png -46.779779 5.019962 -7.459415
1869.png -47.403899 4.671177 -6.940088
1870.png -47.890681 4.281969 -6.385096
1871.png -48.223813 3.850723 -5.804680
1872.png -48.392014 3.378011 -5.209744
1873.png -48.390071 2.866709 -4.611392
1874.png -48.219572 2.321992 -4.020472
1875.png -47.889264 1.751198 -3.447180
1876.png -47.414965 1.163552 -2.900720
1877.png -46.819052 0.569753 -2.389050
1878.png -46.129591 -0.018533 -1.918685
1879.png -45.379169 -0.589261 -1.494576
1880.png -44.603496 -1.130638 -1.120049
1881.png -43.839848 -1.631772 -0.796795
1882.png -43.125424 -2.083308 -0.524919
1883.png -42.495668 -2.478026 -0.303030
1884.png -41.982642 -2.811364 -0.128379
1885.png -41.613503 -3.081856 0.002970
1886.png -41.409171 -3.291427 0.095930
1887.png -41.383226 -3.445548 0.156157
1888.png -41.541132 -3.553198 0.189793
1889.png -41.879842 -3.626617 0.203183
1890.png -42.387835 -3.680824 0.202583
1891.png -43.045638 -3.732888 0.193861
1892.png -43.826746 -3.801015 0.182201
1893.png -44.698898 -3.903492 0.171819
1894.png -45.625605 -4.057556 0.165712
1895.png -46.567862 -4.278257 0.165450
1896.png -47.485959 -4.577365 0.171014
1897.png -48.341322 -4.962391 0.180712
1898.png -49.098283 -5.435779 0.191163
1899.png -49.725727 -5.994334 0.197376
1900.png -50.198512 -6.628942 0.192941
1901.png -50.498599 -7.324657 0.170325
1902.png -50.615800 -8.061195 0.121302
1903.png -50.548078 -8.813918 0.037530
1904.png -50.301307 -9.555355 -0.088726
1905.png -49.888456 -10.257264 -0.263722
1906.png -49.328275 -10.893060 -0.491288
1907.png -48.643632 -11.440271 -0.771943
1908.png -47.859704 -11.882654 -1.102197
1909.png -47.002180 -12.211635 -1.474179
1910.png -46.095683 -12.426709 -1.875724
1911.png -45.162505 -12.534676 -2.290970
1912.png -44.221691 -12.547919 -2.701384
1913.png -43.288449 -12.482086 -3.087076
1914.png -42.373866 -12.353557 -3.428270
1915.png -41.484895 -12.177065 -3.706774
1916.png -40.624602 -11.963857 -3.907326
1917.png -39.792634 -11.720693 -4.018670
1918.png -38.985880 -11.449753 -4.034325
1919.png -38.199258 -11.149309 -3.953043
1920.png -37.426591 -10.814959 -3.778973
1921.png -36.661509 -10.441254 -3.521549
1922.png -35.898322 -10.023491 -3.195113
1923.png -35.132819 -9.559523 -2.818300
1924.png -34.362932 -9.051350 -2.413192
1925.png -33.589214 -8.506335 -2.004260
1926.png -32.815082 -7.937834 -1.617112
1927.png -32.046760 -7.365056 -1.277069
1928.png -31.292915 -6.812057 -1.007592
1929.png -30.564006 -6.305967 -0.828659
1930.png -29.871435 -5.874686 -0.755195
1931.png -29.226571 -5.544304 -0.795666
1932.png -28.639737 -5.336485 -0.950964
1933.png -28.119234 -5.266075 -1.213685
1934.png -27.670495 -5.339182 -1.567931
1935.png -27.295433 -5.551973 -1.989733
1936.png -26.992079 -5.890441 -2.448212
1937.png -26.754551 -6.331264 -2.907527
1938.png -26.573334 -6.843650 -3.329438
1939.png -26.435824 -7.391894 -3.676269
1940.png -26.327049 -7.938374 -3.914001
1941.png -26.230537 -8.446709 -4.015243
1942.png -26.129233 -8.884778 -3.961829
1943.png -26.006423 -9.227343 -3.746780
1944.png -25.846602 -9.457981 -3.375373
1945.png -25.636209 -9.570078 -2.865110
1946.png -25.364216 -9.566786 -2.244511
1947.png -25.022546 -9.460096 -1.550948
1948.png -24.606354 -9.269223 -0.827776
1949.png -24.114148 -9.018515 -0.121041
1950.png -23.547788 -8.735106 0.523954
1951.png -22.912355 -8.446530 1.065955
1952.png -22.215898 -8.178493 1.470662
1953.png -21.469083 -7.953027 1.712950
1954.png -20.684733 -7.787179 1.778222
1955.png -19.877294 -7.692262 1.662873
1956.png -19.062244 -7.673602 1.373975
1957.png -18.255459 -7.730723 0.928306
1958.png -17.472572 -7.857883 0.350844
1959.png -16.728333 -8.044908 -0.327143
1960.png -16.036006 -8.278237 -1.070301
1961.png -15.406809 -8.542118 -1.841552
1962.png -14.849435 -8.819875 -2.604495
1963.png -14.369667 -9.095191 -3.325727
1964.png -13.970105 -9.353312 -3.976956
1965.png -13.650044 -9.582127 -4.536783
1966.png -13.405502 -9.773031 -4.992030
1967.png -13.229443 -9.921517 -5.338490
1968.png -13.112196 -10.027413 -5.580986
1969.png -13.042108 -10.094709 -5.732591
1970.png -13.006449 -10.130879 -5.812916
1971.png -12.992580 -10.145655 -5.845321
1972.png -12.989428 -10.149163 -5.852929
